props number: 7
#atomic number
number,int
1, 2, 3, 4, 5, 6, 7, 8, 9, 10, 11, 12, 13, 14, 15, 16, 17, 18, 19, 20, 21, 22, 23, 24, 25, 26, 27, 28, 29, 30, 31, 32, 33, 34, 35, 36, 37, 38, 39, 40, 41, 42, 43, 44, 45, 46, 47, 48, 49, 50, 51, 52, 53, 54, 55, 56, 57, 58, 59, 60, 61, 62, 63, 64, 65, 66, 67, 68, 69, 70, 71, 72, 73, 74, 75, 76, 77, 78, 79, 80, 81, 82, 83, 84, 85, 86, 87, 88, 89, 90, 91, 92, 93, 94, 95, 96, 97, 98, 99, 100, 101, 102, 103, 104, 105, 106, 107, 108, 109, 110, 111, 112, 113, 114, 115, 116, 117, 118 
#atomic symbol
symbol,str
 H, He, Li, Be, B, C, N, O, F, Ne, Na, Mg, Al, Si, P, S, Cl, Ar, K, Ca, Sc, Ti, V, Cr, Mn, Fe, Co, Ni, Cu, Zn, Ga, Ge, As, Se, Br, Kr, Rb, Sr, Y, Zr, Nb, Mo, Tc, Ru, Rh, Pd, Ag, Cd, In, Sn, Sb, Te, I, Xe, Cs, Ba, La, Ce, Pr, Nd, Pm, Sm, Eu, Gd, Tb, Dy, Ho, Er, Tm, Yb, Lu, Hf, Ta, W, Re, Os, Ir, Pt, Au, Hg, Tl, Pb, Bi, Po, At, Rn, Fr, Ra, Ac, Th, Pa, U, Np, Pu, Am, Cm, Bk, Cf, Es, Fm, Mv, No, Lr, Rf, Db, Sg, Bh, Hs, Mt, Uun, Uuu, Uub, Uut, Uuq, Uup, Uuh, Uus, Uuo 
#covalent radii
cov_radius,angstrom
0.31, 0.28, 1.28, 0.96, 0.84, 0.73, 0.71, 0.66, 0.57, 0.58, 1.66, 1.41, 1.21, 1.11, 1.07, 1.05, 1.02, 1.06, 2.03, 1.76, 1.70, 1.60, 1.53, 1.39, 1.39, 1.32, 1.26, 1.24, 1.32, 1.22, 1.22, 1.20, 1.19, 1.20, 1.20, 1.16, 2.20, 1.95, 1.90, 1.75, 1.64, 1.54, 1.47, 1.46, 1.42, 1.39, 1.45, 1.44, 1.42, 1.39, 1.39, 1.38, 1.39, 1.40, 2.44, 2.15, 2.07, 2.04, 2.03, 2.01, 1.99, 1.98, 1.98, 1.96, 1.94, 1.92, 1.92, 1.89, 1.90, 1.87, 1.87, 1.75, 1.70, 1.62, 1.51, 1.44, 1.41, 1.36, 1.36, 1.32, 1.45, 1.46, 1.48, 1.40, 1.50, 1.50, 2.60, 2.21, 2.15, 2.06, 2.00, 1.96, 1.90, 1.87, 1.80, 1.69, 2.00, 2.00, 2.00, 2.0, 2.0, 2.0, 2.0, 2.0, 2.0, 2.0, 2.0, 2.0, 2.0, 2., 2., 2., 2., 2., 2., 2., 2., 2. 
#atomic radii, taken from J. C. Slater, J. Chem. Phys. 41 (1964) 3199.  When there is not data the covalent radius is used
atomic_radius,angstrom
0.25, 0.32, 1.45, 1.05, 0.85, 0.70,.65, 0.6, 0.5, 0.69, 1.8, 1.5, 1.25, 1.1, 1, 1, 1, 0.87, 2.2, 1.8, 1.6, 1.4, 1.35, 1.4, 1.4, 1.4, 1.35, 1.35, 1.35, 1.35, 1.3, 1.25, 1.15, 1.15, 1.15, 1.1, 2.35, 2, 1.8, 1.55, 1.45, 1.45, 1.35, 1.3, 1.35, 1.4, 1.6, 1.55, 1.55, 1.45, 1.45, 1.4, 1.4, 1.3, 2.6, 2.15, 1.95, 1.85, 1.85, 1.85, 1.85, 1.85, 1.85, 1.8, 1.75, 1.75, 1.75, 1.75, 1.75, 1.75, 1.75, 1.55, 1.45, 1.35, 1.35, 1.3, 1.35, 1.35, 1.35, 1.5, 1.9, 1.8, 1.6, 1.9, 1.45, 1.45
# van der Waals radius; it is taken from the solvation radii used in the Jaguar program.
# http://yfaat.ch.huji.ac.il/jaguar-help/manl.html#240821
vdWaals_radius,float
1.14831463, 1.180065265, 1.227691218, 1.370569075, 2.042624181, 1.947372276, 1.830953282, 1.703950742, 1.735701377, 1.735701377, 2.307212806, 2.307212806, 2.308000177, 2.217000171, 2.147000165, 2.070000159, 1.95800015, 1.95800015, 1.906000146, 1.700000131, 1.647000127, 1.587000122, 1.572000121, 1.511000116, 1.480000114, 1.456000112, 1.43600011, 1.417000109, 1.748000134, 1.381000106, 2.192000169, 2.140000165, 2.115000163, 2.103000162, 2.095000161, 2.071000159, 2.057000158, 1.82100014, 1.673000129, 1.56200012, 1.583000122, 1.526000117, 1.499000115, 1.481000114, 1.464000113, 1.450000111, 1.574000121, 1.42400011, 2.232000172, 2.196000169, 2.21000017, 2.235000172, 2.250000173, 2.202000169, 2.249003308, 2.249003308, 2.249003308, 2.249003308, 2.249003308, 2.249003308, 2.249003308, 2.249003308, 2.249003308, 2.249003308, 2.249003308, 2.249003308, 2.249003308, 2.249003308, 2.259000174, 1.851000142, 1.761000136, 1.570000121, 1.585000122, 1.534000118, 1.477000114, 1.56000012, 1.420000109, 1.377000106, 1.647000127, 1.353000104, 2.174000167, 2.148000165, 2.185000168, 2.196085583, 2.196085583, 2.196085583
# Bragg-Slater radii used in Becke-style numerical integration, taken from Patrick Bultinck's program.
bs_radius,angstrom
0.250000018, 0.310000023, 1.450000105, 1.050000076, 0.850000061, 0.70000005, 0.650000047, 0.600000043, 0.500000036, 0.380000027, 1.80000013, 1.500000108, 1.25000009, 1.100000079, 1.000000072, 1.000000072, 1.000000072, 0.710000051, 2.200000159, 1.80000013, 1.600000116, 1.400000101, 1.350000098, 1.400000101, 1.400000101, 1.400000101, 1.350000098, 1.350000098, 1.350000098, 1.350000098, 1.300000094, 1.25000009, 1.150000083, 1.150000083, 1.150000083, 0.880000064, 2.35000017, 2.000000144, 1.80000013, 1.550000112, 1.450000105, 1.450000105, 1.350000098, 1.300000094, 1.350000098, 1.400000101, 1.600000116, 1.550000112, 1.550000112, 1.450000105, 1.450000105, 1.400000101, 1.400000101, 1.080000078, 2.600000188, 2.150000155, 1.950000141, 1.850000133, 1.850000133, 1.850000133, 1.850000133, 1.850000133, 1.850000133, 1.80000013, 1.750000126, 1.750000126, 1.750000126, 1.750000126, 1.750000126, 1.750000126, 1.750000126, 1.550000112, 1.450000105, 1.350000098, 1.350000098, 1.300000094, 1.350000098, 1.350000098, 1.350000098, 1.500000108, 1.900000137, 1.80000013, 1.600000116, 1.900000137, 1.200000087, 1.137730632
# Waber-Cromer radii of the outermost orbital maximum.  J. T. Waber and D. T. Cromer, J. Chem. Phys. vol. 42, pp. 4116-4123 (1965).
wc_radius,angstrom
0.529192875, 0.291, 1.586, 1.04, 0.62, 0.521, 0.45, 0.396, 0.354, 0.318, 1.713, 1.279, 1.312, 1.068, 0.919, 0.81, 0.725, 0.659, 2.162, 1.69, 1.57, 1.477, 1.401, 1.453, 1.278, 1.227, 1.181, 1.139, 1.191, 1.065, 1.254, 1.09, 1.001, 0.918, 0.851, 0.795, 2.287, 1.836, 1.693, 1.593, 1.589, 1.52, 1.391, 1.41, 1.364, 1.35, 1.286, 1.184, 1.382, 1.24, 1.193, 1.111, 1.044, 0.986, 2.518, 2.06, 1.915, 1.978, 1.942, 1.912, 1.882, 1.854, 1.826, 1.713, 1.775, 1.75, 1.727, 1.703, 1.681, 1.658, 1.553, 1.476, 1.413, 1.36, 1.31, 1.266, 1.227, 1.221, 1.187, 1.126, 1.319, 1.215, 1.295, 1.212, 1.146, 1.09
