## This grid is constructed to give on average 5 digits of precision in a
## variety of molecular integrals, using the Becke scheme with k=3.

## The grids were created by Toon Verstraelen in January 2012 as initial attempt
## to generate tuned grids based on a series of benchmarks.


# Cost threshold for grid selection:   -5.00000

# Grid for Z=1
# Cost:             -5.03366
# Number of points: 2350
# Number of shells: 45

1
   ExpRTransform 0.0011410223499611323 100.52735221952022 45
   6 6 6 6 6 6 6 6 6 6 6 6 6 6 6 6 6 6 14 14 14 26 38 38 50 110 194 194 170 110 110 110 110 170 170 110 110 110 110 86 50 6 6 6 6

# Grid for Z=2
# Cost:             -5.21304
# Number of points: 2728
# Number of shells: 50

2
   ExpRTransform 0.0004011153561925407 78.5570289093892 50
   6 6 6 6 6 6 6 6 6 6 6 6 6 6 6 6 6 6 6 6 6 6 6 14 14 26 26 38 50 86 110 194 194 170 110 110 110 110 170 170 170 170 170 170 110 74 6 6 6 6

# Grid for Z=3
# Cost:             -5.13528
# Number of points: 13644
# Number of shells: 160

3
   ExpRTransform 0.00017602102793574787 39.50714325722631 160
   6 6 6 6 6 6 6 6 6 6 6 6 6 6 6 6 6 6 6 6 6 6 6 6 6 6 6 6 6 6 6 6 6 6 6 6 6 6 6 6 6 6 6 6 6 6 6 6 6 6 6 6 6 6 6 6 6 6 6 6 6 6 6 6 6 6 6 6 6 6 6 6 6 6 6 6 6 6 6 6 6 6 6 6 6 6 6 6 6 6 6 6 6 6 6 6 6 6 6 14 14 14 14 14 14 14 26 26 26 38 38 38 50 50 50 50 86 110 110 170 170 302 302 434 590 770 770 1202 974 770 974 590 434 302 302 194 194 170 170 170 170 170 170 170 170 170 170 110 110 110 110 110 110 110 110 86 50 50 38 6

# Grid for Z=4
# Cost:             -5.00828
# Number of points: 8260
# Number of shells: 120

4
   ExpRTransform 0.0001099895094275606 43.05982818748428 120
   6 6 6 6 6 6 6 6 6 6 6 6 6 6 6 6 6 6 6 6 6 6 6 6 6 6 6 6 6 6 6 6 6 6 6 6 6 6 6 6 6 6 6 6 6 6 6 6 6 6 6 6 6 6 6 6 6 6 6 6 6 6 6 6 6 6 6 6 6 6 6 6 14 14 14 14 14 14 26 26 38 38 38 50 50 86 86 110 194 194 302 434 434 590 770 590 434 302 194 194 170 170 170 170 170 170 170 170 170 170 170 170 110 110 110 86 50 38 14 6

# Grid for Z=5
# Cost:             -5.08033
# Number of points: 6968
# Number of shells: 110

5
   ExpRTransform 7.988344014642782e-05 36.84905801915084 110
   6 6 6 6 6 6 6 6 6 6 6 6 6 6 6 6 6 6 6 6 6 6 6 6 6 6 6 6 6 6 6 6 6 6 6 6 6 6 6 6 6 6 6 6 6 6 6 6 6 6 6 6 6 6 6 6 6 6 6 6 6 6 6 6 6 6 14 14 14 14 14 14 26 26 38 38 38 50 50 86 110 170 194 302 434 434 590 590 434 302 302 194 194 170 170 170 170 170 170 110 110 110 110 110 110 86 50 50 14 6

# Grid for Z=6
# Cost:             -5.00484
# Number of points: 6096
# Number of shells: 100

6
   ExpRTransform 5.256941689731762e-05 52.952874081049885 100
   6 6 6 6 6 6 6 6 6 6 6 6 6 6 6 6 6 6 6 6 6 6 6 6 6 6 6 6 6 6 6 6 6 6 6 6 6 6 6 6 6 6 6 6 6 6 6 6 6 6 6 6 6 6 6 6 6 6 14 14 14 14 14 14 26 26 38 38 50 74 86 110 170 302 434 434 434 434 434 302 194 194 170 170 170 170 170 110 110 110 110 110 110 110 110 86 50 6 6 6

# Grid for Z=7
# Cost:             -5.27767
# Number of points: 6576
# Number of shells: 110

7
   ExpRTransform 4.1137457428117393e-05 47.64945506655491 110
   6 6 6 6 6 6 6 6 6 6 6 6 6 6 6 6 6 6 6 6 6 6 6 6 6 6 6 6 6 6 6 6 6 6 6 6 6 6 6 6 6 6 6 6 6 6 6 6 6 6 6 6 6 6 6 6 6 6 6 6 6 6 6 14 14 14 14 14 14 14 26 26 38 38 50 50 50 50 50 110 170 194 302 434 434 590 434 434 302 194 194 170 170 170 170 110 110 110 110 110 110 110 110 110 110 86 38 14 6 6

# Grid for Z=8
# Cost:             -5.16899
# Number of points: 5960
# Number of shells: 100

8
   ExpRTransform 2.6082015912154415e-05 45.163587373235025 100
   6 6 6 6 6 6 6 6 6 6 6 6 6 6 6 6 6 6 6 6 6 6 6 6 6 6 6 6 6 6 6 6 6 6 6 6 6 6 6 6 6 6 6 6 6 6 6 6 6 6 6 6 6 6 6 6 6 6 14 14 14 14 14 14 26 26 38 38 50 50 50 50 110 110 194 302 434 434 434 434 302 302 194 194 194 194 194 170 110 110 110 110 110 110 110 86 86 50 6 6

# Grid for Z=9
# Cost:             -5.17942
# Number of points: 5100
# Number of shells: 90

9
   ExpRTransform 2.327209499320258e-05 60.08203989782789 90
   6 6 6 6 6 6 6 6 6 6 6 6 6 6 6 6 6 6 6 6 6 6 6 6 6 6 6 6 6 6 6 6 6 6 6 6 6 6 6 6 6 6 6 6 6 6 6 6 6 6 6 14 14 14 14 14 26 26 38 38 38 50 50 86 110 194 302 302 434 434 302 194 194 194 194 194 170 170 170 170 110 110 110 110 86 86 14 6 6 6

# Grid for Z=10
# Cost:             -5.00163
# Number of points: 4696
# Number of shells: 90

10
   ExpRTransform 2.7092411992447276e-05 73.17996992178986 90
   6 6 6 6 6 6 6 6 6 6 6 6 6 6 6 6 6 6 6 6 6 6 6 6 6 6 6 6 6 6 6 6 6 6 6 6 6 6 6 6 6 6 6 6 6 6 6 6 6 6 14 14 14 14 14 14 26 26 26 38 38 50 86 110 194 302 302 434 302 302 194 170 170 170 170 170 170 110 110 170 110 110 110 86 26 6 6 6 6 6

# Grid for Z=11
# Oops. Could not find a suitable grid.
# The following grids were availiable:
#   nrad   npoint   cost
#     20      212   -0.76482
#     25      390   -1.08978
#     30      508   -1.35467
#     35      594   -1.48852
#     40      904   -1.83028
#     45     1070   -1.98857
#     50     1420   -2.18068
#     55     1486   -2.24018
#     65     1754   -2.44610
#     60     1880   -2.57664
#     70     2552   -2.83818
#     75     2722   -2.89083
#     85     2774   -2.85574
#     80     3416   -3.17338
#     90     3756   -3.31479
#     95     4078   -3.36939
#    100     4188   -3.38260
#    110     5644   -3.76950
#    120     6136   -3.95242
#    140     6212   -3.90464
#    130     6992   -4.04660
#    150     8552   -4.23119
#    160     8732   -4.24004
#    170    11252   -4.53084
#    180    12316   -4.67461
#    180    12316   -4.67461
#    190    12684   -4.68614

# Grid for Z=12
# Oops. Could not find a suitable grid.
# The following grids were availiable:
#   nrad   npoint   cost
#     20      280   -0.91416
#     25      482   -1.29610
#     30      580   -1.49954
#     35      714   -1.79017
#     40      976   -2.04075
#     45     1062   -2.18243
#     50     1492   -2.39709
#     55     1682   -2.49839
#     60     1840   -2.65601
#     65     2226   -2.84283
#     70     2484   -2.98650
#     75     2894   -3.14969
#     80     3336   -3.31500
#    100     3688   -3.39878
#     85     3870   -3.46420
#     90     4076   -3.59042
#     95     4082   -3.57293
#    140     5236   -3.79032
#    110     5564   -3.89540
#    150     6156   -3.99019
#    120     6648   -4.11578
#    130     7284   -4.13331
#    160    10348   -4.72046
#    170    11216   -4.76664
#    180    11580   -4.87989
#    180    11580   -4.87989
#    190    12980   -4.98444

# Grid for Z=13
# Cost:             -5.06608
# Number of points: 11588
# Number of shells: 170

13
   ExpRTransform 1.3555651242045833e-05 35.17433317423315 170
   6 6 6 6 6 6 6 6 6 6 6 6 6 6 6 6 6 6 6 6 6 6 6 6 6 6 6 6 6 6 6 6 6 6 6 6 6 6 6 6 6 6 6 6 6 6 6 6 6 6 6 6 6 6 6 6 6 6 6 6 6 6 6 6 6 6 6 6 6 6 6 6 6 6 6 6 6 6 6 6 6 6 6 6 6 6 6 6 6 6 6 6 6 6 6 6 6 6 6 6 6 6 6 6 6 6 6 6 14 14 14 14 14 14 14 14 14 14 14 14 14 14 26 26 26 26 38 38 50 50 50 50 110 110 110 170 302 302 434 590 590 974 974 770 770 590 302 302 194 194 194 194 194 194 194 194 194 170 170 170 110 110 110 86 86 86 50 50 14 6

# Grid for Z=14
# Cost:             -5.31523
# Number of points: 11660
# Number of shells: 170

14
   ExpRTransform 9.253038996293742e-06 37.1941527209613 170
   6 6 6 6 6 6 6 6 6 6 6 6 6 6 6 6 6 6 6 6 6 6 6 6 6 6 6 6 6 6 6 6 6 6 6 6 6 6 6 6 6 6 6 6 6 6 6 6 6 6 6 6 6 6 6 6 6 6 6 6 6 6 6 6 6 6 6 6 6 6 6 6 6 6 6 6 6 6 6 6 6 6 6 6 6 6 6 6 6 6 6 6 6 6 6 6 6 6 6 6 6 6 6 6 6 6 14 14 14 14 14 14 14 14 14 14 14 14 14 14 14 26 26 26 26 38 38 38 50 50 50 86 110 110 170 194 302 434 434 590 590 1202 770 770 770 434 302 302 302 194 194 194 170 170 170 170 170 110 110 110 110 110 110 110 86 86 86 50 50 14

# Grid for Z=15
# Cost:             -5.23432
# Number of points: 10028
# Number of shells: 160

15
   ExpRTransform 8.323404835909538e-06 39.83211755080082 160
   6 6 6 6 6 6 6 6 6 6 6 6 6 6 6 6 6 6 6 6 6 6 6 6 6 6 6 6 6 6 6 6 6 6 6 6 6 6 6 6 6 6 6 6 6 6 6 6 6 6 6 6 6 6 6 6 6 6 6 6 6 6 6 6 6 6 6 6 6 6 6 6 6 6 6 6 6 6 6 6 6 6 6 6 6 6 6 6 6 6 6 6 6 6 6 6 6 6 14 14 14 14 14 14 14 14 14 14 14 14 14 14 14 14 26 26 26 38 38 38 50 50 50 86 110 110 194 194 302 434 590 590 974 770 770 590 302 302 302 194 194 170 170 170 170 110 110 110 110 110 110 110 110 86 86 50 50 14 14 6

# Grid for Z=16
# Cost:             -5.03586
# Number of points: 8956
# Number of shells: 150

16
   ExpRTransform 1.3633265067980641e-05 49.43200544584088 150
   6 6 6 6 6 6 6 6 6 6 6 6 6 6 6 6 6 6 6 6 6 6 6 6 6 6 6 6 6 6 6 6 6 6 6 6 6 6 6 6 6 6 6 6 6 6 6 6 6 6 6 6 6 6 6 6 6 6 6 6 6 6 6 6 6 6 6 6 6 6 6 6 6 6 6 6 6 6 6 6 6 6 6 6 6 6 6 6 14 14 14 14 14 14 14 14 14 14 14 14 14 14 14 14 14 26 26 38 38 50 50 50 86 86 110 170 194 302 434 590 590 770 770 590 434 302 302 302 194 170 170 170 170 110 110 110 86 86 86 86 86 50 50 50 50 14 14 6 6 6

# Grid for Z=17
# Cost:             -5.25491
# Number of points: 10416
# Number of shells: 160

17
   ExpRTransform 8.962271131920363e-06 47.769618585777216 160
   6 6 6 6 6 6 6 6 6 6 6 6 6 6 6 6 6 6 6 6 6 6 6 6 6 6 6 6 6 6 6 6 6 6 6 6 6 6 6 6 6 6 6 6 6 6 6 6 6 6 6 6 6 6 6 6 6 6 6 6 6 6 6 6 6 6 6 6 6 6 6 6 6 6 6 6 6 6 6 6 6 6 6 6 6 6 6 6 6 6 6 6 6 6 14 14 14 14 14 14 14 14 14 14 14 14 14 14 14 14 14 26 26 26 26 38 38 50 50 50 50 86 110 110 194 194 302 434 590 590 974 770 770 434 302 302 302 194 194 194 194 194 194 194 194 170 170 110 110 110 110 110 110 86 50 50 14 6 6 6

# Grid for Z=18
# Cost:             -5.09190
# Number of points: 9920
# Number of shells: 160

18
   ExpRTransform 9.153781588437968e-06 52.265954394410954 160
   6 6 6 6 6 6 6 6 6 6 6 6 6 6 6 6 6 6 6 6 6 6 6 6 6 6 6 6 6 6 6 6 6 6 6 6 6 6 6 6 6 6 6 6 6 6 6 6 6 6 6 6 6 6 6 6 6 6 6 6 6 6 6 6 6 6 6 6 6 6 6 6 6 6 6 6 6 6 6 6 6 6 6 6 6 6 6 6 6 6 6 6 6 6 6 14 14 14 14 14 14 14 14 14 14 14 14 14 14 14 14 14 26 26 38 38 38 50 50 50 86 86 110 170 194 302 302 434 590 770 770 590 590 434 302 302 194 194 194 194 170 170 170 170 170 170 146 146 110 110 110 110 110 50 38 14 6 6 6 6
