# -*- coding: utf-8 -*-
# HORTON: Helpful Open-source Research TOol for N-fermion systems.
# Copyright (C) 2011-2019 The HORTON Development Team
#
# This file is part of HORTON.
#
# HORTON is free software; you can redistribute it and/or
# modify it under the terms of the GNU General Public License
# as published by the Free Software Foundation; either version 3
# of the License, or (at your option) any later version.
#
# HORTON is distributed in the hope that it will be useful,
# but WITHOUT ANY WARRANTY; without even the implied warranty of
# MERCHANTABILITY or FITNESS FOR A PARTICULAR PURPOSE.  See the
# GNU General Public License for more details.
#
# You should have received a copy of the GNU General Public License
# along with this program; if not, see <http://www.gnu.org/licenses/>
#
# --


## These grids were created by Toon Verstraelen in July 2013 in a second effort
## to generate tuned grids based on a series of diatomic benchmarks computed
## with the QZVP basis of Ahlrichs and coworkers. They are constructed to give
## on average 8 digits of precision for a variety of molecular integrals, using
## the Becke scheme with k=3.


# Cost threshold for grid selection:   -8.00000

# Grid for Z=1 and Zeff=1
# Cost:             -8.21105
# Number of points: 6622
# Number of shells: 59

1 1
   PowerRTransform 1.9221827244049134e-08 21.413278983919113 59
   6 6 6 6 6 6 6 6 6 6 6 6 6 6 14 14 14 14 14 14 26 26 38 38 38 50 50 50 74 86 110 110 170 194 266 302 434 434 434 434 434 302 302 194 194 194 170 170 170 170 170 110 110 110 110 110 50 14 6

################################################################################

# Grid for Z=2 and Zeff=2
# Cost:             -8.12740
# Number of points: 7234
# Number of shells: 59

2 2
   PowerRTransform 2.11195653337609e-08 23.51605862580993 59
   6 6 6 6 6 6 6 6 6 6 6 6 6 14 14 14 14 14 26 26 38 38 50 50 50 86 86 110 146 170 194 302 302 302 302 302 434 434 434 434 302 302 266 194 194 170 170 170 170 170 170 110 110 110 86 50 14 6 6

################################################################################

# Grid for Z=3 and Zeff=3
# Cost:             -8.17038
# Number of points: 52228
# Number of shells: 178

3 3
   PowerRTransform 7.330824079774818e-11 22.968222191580505 178
   6 6 6 6 6 6 6 6 6 6 6 6 6 6 6 6 6 6 6 6 6 6 6 6 6 6 6 6 6 6 6 6 6 6 6 6 6 6 6 6 6 6 6 6 6 6 6 6 6 6 6 14 14 14 14 14 14 14 14 14 14 14 14 14 14 14 14 14 26 26 26 26 26 26 26 26 38 38 38 38 38 38 38 38 50 50 50 50 50 50 50 74 86 86 86 110 110 110 110 110 170 170 170 194 194 194 302 302 302 302 434 434 434 590 770 974 974 1202 1454 1730 2030 2030 2030 2030 1730 2030 2030 2030 2030 2030 2030 2030 1730 1454 1202 770 770 770 590 590 434 434 434 302 302 302 302 302 302 302 266 194 194 194 194 194 194 170 170 170 170 170 110 110 110 110 110 110 86 50 50 50 38 38 14 14 6 6

################################################################################

# Grid for Z=4 and Zeff=4
# Cost:             -8.43247
# Number of points: 34894
# Number of shells: 123

4 4
   PowerRTransform 4.871850419537268e-10 23.16479539828159 123
   6 6 6 6 6 6 6 6 6 6 6 6 6 6 6 6 6 6 6 6 6 6 6 6 6 6 6 6 6 14 14 14 14 14 14 14 14 14 14 14 14 14 26 26 26 26 26 38 38 38 38 38 50 50 50 50 50 74 86 86 86 110 110 146 170 170 194 194 302 302 434 434 590 770 974 1202 1730 2030 1202 1454 974 974 770 974 1454 1730 1730 1730 1730 1202 974 590 590 434 434 434 302 302 302 302 302 302 266 194 194 194 170 170 170 170 170 110 110 110 110 110 86 86 50 50 50 6 6

################################################################################

# Grid for Z=5 and Zeff=5
# Cost:             -8.23496
# Number of points: 29646
# Number of shells: 123

5 5
   PowerRTransform 4.6544861461721924e-10 22.129056007065195 123
   6 6 6 6 6 6 6 6 6 6 6 6 6 6 6 6 6 6 6 6 6 6 6 6 6 6 6 14 14 14 14 14 14 14 14 14 14 14 14 14 14 26 26 26 26 26 26 38 38 38 38 38 38 38 50 50 50 50 50 50 74 86 86 110 110 110 146 170 170 194 194 194 302 302 434 434 590 590 974 1202 1730 2030 1730 1730 2030 1730 1454 1454 1202 770 590 434 434 434 302 302 302 302 302 266 194 194 194 170 170 170 170 170 170 110 110 110 110 110 110 86 86 50 50 14 6 6 6

################################################################################

# Grid for Z=6 and Zeff=6
# Cost:             -8.07465
# Number of points: 31764
# Number of shells: 148

6 6
   PowerRTransform 3.467882346027784e-10 42.44372053496832 148
   6 6 6 6 6 6 6 6 6 6 6 6 6 6 6 6 6 6 6 6 6 6 6 14 14 14 14 14 14 14 14 14 14 14 14 14 14 14 14 26 26 26 26 26 38 38 38 38 38 38 38 50 50 50 50 50 50 50 74 86 86 110 110 110 170 170 170 170 170 170 170 170 170 170 170 194 194 302 302 302 434 434 590 590 590 770 974 1202 1202 1454 1730 1730 1454 1202 770 590 590 770 590 590 590 434 434 434 302 302 302 266 194 194 194 194 266 266 266 170 170 266 266 266 266 266 194 170 170 170 170 170 170 170 170 110 110 110 110 110 86 50 50 14 6 6 6 6 6 6 6 6

################################################################################

# Grid for Z=7 and Zeff=7
# Cost:             -8.19384
# Number of points: 39504
# Number of shells: 178

7 7
   PowerRTransform 1.2130141210378056e-10 38.174344921303835 178
   6 6 6 6 6 6 6 6 6 6 6 6 6 6 6 6 6 6 6 6 6 6 6 6 6 6 6 6 6 14 14 14 14 14 14 14 14 14 14 14 14 14 14 14 14 14 14 26 26 26 26 26 26 26 38 38 38 38 38 38 38 38 38 38 50 50 50 50 50 74 74 86 110 110 170 170 170 194 194 194 194 194 194 194 194 194 194 194 194 194 194 194 194 302 302 302 434 434 434 590 590 770 770 974 1454 1730 2030 1730 2030 1730 2030 1730 1454 1202 974 770 590 590 434 434 434 434 302 302 302 302 302 302 302 302 266 266 194 194 194 194 194 194 170 170 170 170 170 110 110 110 110 110 110 110 110 110 110 110 86 50 50 38 6 6 6 6 6 6 6 6 6 6 6 6 6 6 6 6 6 6 6 6

################################################################################

# Grid for Z=8 and Zeff=8
# Cost:             -8.05857
# Number of points: 40012
# Number of shells: 148

8 8
   PowerRTransform 1.8150588491644835e-10 22.227048197329946 148
   6 6 6 6 6 6 6 6 6 6 6 6 6 6 6 6 6 6 6 6 6 6 6 6 6 6 14 14 14 14 14 14 14 14 14 14 14 14 14 14 14 14 14 26 26 26 26 26 26 26 38 38 38 38 38 38 38 38 50 50 50 50 50 86 86 110 110 110 170 170 170 170 170 170 170 170 194 194 302 302 434 434 590 590 770 770 1202 1454 1730 2030 1202 1454 1202 770 974 770 974 1202 1454 1730 1202 974 770 770 590 590 590 434 590 590 434 434 302 302 302 302 302 302 302 302 302 266 266 266 194 194 194 194 194 170 170 170 170 170 110 110 110 110 110 110 86 86 50 50 14 14 14 14

################################################################################

# Grid for Z=9 and Zeff=9
# Cost:             -8.15306
# Number of points: 40904
# Number of shells: 148

9 9
   PowerRTransform 1.5047650968689952e-10 18.43175138415403 148
   6 6 6 6 6 6 6 6 6 6 6 6 6 6 6 6 6 6 6 6 6 6 6 6 6 6 14 14 14 14 14 14 14 14 14 14 14 14 14 14 14 14 14 14 26 26 26 26 26 26 38 38 38 38 38 38 38 38 50 50 50 50 50 50 74 86 86 86 86 110 110 110 110 146 170 170 170 194 194 302 302 302 434 590 590 770 974 1202 1202 1730 2030 1730 1730 1454 1202 974 974 770 770 974 1202 1202 1202 974 770 770 770 590 590 590 434 434 434 434 434 434 434 302 302 302 302 302 302 266 266 266 194 194 194 194 170 170 170 170 170 170 110 110 110 110 86 50 50 50 14 14 14 6

################################################################################

# Grid for Z=10 and Zeff=10
# Cost:             -8.07826
# Number of points: 38116
# Number of shells: 148

10 10
   PowerRTransform 1.8612504476542826e-10 22.789621676827323 148
   6 6 6 6 6 6 6 6 6 6 6 6 6 6 6 6 6 6 6 6 6 6 6 6 6 6 14 14 14 14 14 14 14 14 14 14 14 14 14 14 14 14 14 26 26 26 26 26 26 38 38 38 38 38 38 38 50 50 50 50 50 50 74 74 86 86 86 110 110 110 110 146 146 170 194 194 302 302 302 434 590 590 770 974 1202 1202 2030 2030 1454 1454 1202 770 974 770 770 770 974 1202 770 770 770 770 590 590 590 590 434 434 434 434 434 434 302 302 302 302 302 302 266 266 266 266 266 194 194 194 194 170 170 170 170 170 170 170 170 110 110 110 110 110 86 86 86 50 14 14 14 14

################################################################################

# Grid for Z=11 and Zeff=11
# Cost:             -8.38304
# Number of points: 73164
# Number of shells: 256

11 11
   PowerRTransform 1.4798866855168383e-11 30.278794831447893 256
   6 6 6 6 6 6 6 6 6 6 6 6 6 6 6 6 6 6 6 6 6 6 6 6 6 6 6 6 6 6 6 6 6 6 6 6 6 6 6 6 6 6 6 6 6 6 6 6 6 6 6 14 14 14 14 14 14 14 14 14 14 14 14 14 14 14 14 14 14 14 14 14 14 14 14 14 14 14 14 14 14 14 14 14 14 14 14 14 26 26 26 26 26 26 26 26 26 26 26 26 26 26 26 26 26 38 38 38 38 38 38 38 38 38 38 38 38 50 50 50 50 50 50 50 50 50 50 50 50 50 50 74 74 86 86 86 86 86 110 110 110 110 110 110 110 146 170 170 170 170 194 194 194 194 194 194 302 302 302 302 434 434 434 434 590 590 590 770 770 974 974 1202 1454 1730 1730 2030 2030 2030 2030 2030 2030 2030 2030 2030 2030 2030 2030 2030 2030 1730 1454 1454 1454 1454 1202 1454 974 770 590 590 590 590 590 434 434 434 434 434 434 302 302 302 302 302 302 302 302 302 302 302 302 194 194 194 194 194 194 170 170 170 170 110 110 110 110 110 110 110 110 110 86 86 86 50 50 50 50 50 50 50 38 14 14 14 14 6

################################################################################

# Grid for Z=12 and Zeff=12
# Cost:             -8.10202
# Number of points: 75514
# Number of shells: 213

12 12
   PowerRTransform 3.2902006405295745e-11 26.050690055039972 213
   6 6 6 6 6 6 6 6 6 6 6 6 6 6 6 6 6 6 6 6 6 6 6 6 6 6 6 6 6 6 6 6 6 6 6 6 6 6 6 6 14 14 14 14 14 14 14 14 14 14 14 14 14 14 14 14 14 14 14 14 14 14 14 14 14 14 14 14 14 14 26 26 26 26 26 26 26 26 26 26 26 26 38 38 38 38 38 38 38 38 38 38 38 38 50 50 50 50 50 50 50 50 50 50 74 74 86 86 86 86 86 110 110 110 110 146 170 170 170 170 194 194 194 302 302 302 302 434 434 434 590 590 770 770 770 974 974 1202 1730 1454 2030 1454 1202 1454 2030 2030 2030 2030 2030 2030 2030 2030 2030 2030 2030 2030 2030 2030 2030 1730 2030 2030 1730 1202 1202 770 770 770 590 590 434 434 434 434 434 434 434 302 302 302 302 302 302 302 302 302 194 194 194 194 194 194 170 170 170 170 170 170 110 110 110 110 86 86 50 50 50 50 38 14 6 6 6

################################################################################

# Grid for Z=13 and Zeff=13
# Cost:             -8.94994
# Number of points: 46954
# Number of shells: 213

13 13
   PowerRTransform 6.962371256849666e-14 32.22656758986397 213
   6 6 6 6 6 6 6 6 6 6 6 6 6 6 6 6 6 6 6 6 6 6 6 6 6 6 6 6 6 6 6 6 6 6 6 6 6 6 6 6 6 6 6 6 6 6 6 6 6 6 6 6 6 14 14 14 14 14 14 14 14 14 14 14 14 14 14 14 14 14 14 14 14 14 14 14 14 14 14 14 14 14 14 14 26 26 26 26 26 26 26 26 26 26 26 38 38 38 38 38 38 38 38 38 38 38 50 50 50 50 50 50 50 50 50 50 50 50 74 74 74 86 86 86 86 110 110 110 110 110 146 170 170 170 170 194 194 194 302 302 302 434 434 434 590 770 770 974 1202 1454 1730 2030 2030 2030 2030 2030 2030 2030 1730 1730 1454 1202 1202 1202 770 590 590 434 434 434 302 302 302 302 302 302 302 302 302 194 194 194 194 194 170 170 170 170 170 170 170 170 170 110 110 110 110 110 110 110 110 110 110 110 86 50 50 50 6 6 6 6 6

################################################################################

# Grid for Z=14 and Zeff=14
# Cost:             -9.09483
# Number of points: 49096
# Number of shells: 256

14 14
   PowerRTransform 1.3251329843927498e-15 37.3664389006141 256
   6 6 6 6 6 6 6 6 6 6 6 6 6 6 6 6 6 6 6 6 6 6 6 6 6 6 6 6 6 6 6 6 6 6 6 6 6 6 6 6 6 6 6 6 6 6 6 6 6 6 6 6 6 6 6 6 6 6 6 6 6 6 6 6 6 6 6 6 14 14 14 14 14 14 14 14 14 14 14 14 14 14 14 14 14 14 14 14 14 14 14 14 14 14 14 14 14 14 14 14 14 14 14 14 26 26 26 26 26 26 26 26 26 26 26 26 26 38 38 38 38 38 38 38 38 38 38 38 38 38 50 50 50 50 50 50 50 50 50 50 50 50 50 50 50 50 74 74 86 86 86 86 86 86 110 110 110 110 110 110 170 170 170 170 194 194 194 302 302 302 434 434 434 434 590 590 770 974 974 1202 1454 1454 2030 2030 2030 2030 2030 2030 2030 2030 1730 1454 974 974 770 590 590 590 434 434 434 434 434 302 302 302 302 302 302 302 302 266 194 194 194 194 170 170 170 170 170 170 170 170 110 110 110 110 110 110 110 110 110 110 110 110 110 110 110 110 110 110 86 86 50 50 50 50 14 14 6 6 6 6 6 6

################################################################################

# Grid for Z=15 and Zeff=15
# Cost:             -8.91136
# Number of points: 70876
# Number of shells: 256

15 15
   PowerRTransform 9.517757193975323e-14 27.751202064548867 256
   6 6 6 6 6 6 6 6 6 6 6 6 6 6 6 6 6 6 6 6 6 6 6 6 6 6 6 6 6 6 6 6 6 6 6 6 6 6 6 6 6 6 6 6 6 6 6 6 6 6 6 6 6 6 6 6 6 6 6 14 14 14 14 14 14 14 14 14 14 14 14 14 14 14 14 14 14 14 14 14 14 14 14 14 14 14 14 14 14 14 14 14 14 26 26 26 26 26 26 26 26 26 26 26 26 26 26 38 38 38 38 38 38 38 38 38 38 38 38 38 38 38 38 50 50 50 50 50 50 50 50 50 50 74 74 74 86 86 86 86 86 110 110 110 110 110 146 170 170 170 170 194 194 194 194 302 302 302 302 434 434 434 434 590 590 770 770 974 974 974 1202 1454 1730 2030 2030 2030 2030 2030 2030 2030 2030 1730 2030 2030 2030 2030 2030 2030 2030 2030 2030 1730 1202 974 770 770 770 590 590 434 434 434 434 434 434 302 302 302 302 302 302 302 266 194 194 194 194 170 170 170 170 170 170 170 170 170 170 170 110 110 110 110 110 110 110 110 110 86 86 86 50 50 50 26 26 14 14 6 6 6 6 6 6 6 6 6

################################################################################

# Grid for Z=16 and Zeff=16
# Cost:             -9.19756
# Number of points: 80972
# Number of shells: 308

16 16
   PowerRTransform 9.156808586355824e-14 43.498037041103395 308
   6 6 6 6 6 6 6 6 6 6 6 6 6 6 6 6 6 6 6 6 6 6 6 6 6 6 6 6 6 6 6 6 6 6 6 6 6 6 6 6 6 6 6 6 6 6 6 6 6 6 6 6 6 6 6 6 6 6 6 6 6 14 14 14 14 14 14 14 14 14 14 14 14 14 14 14 14 14 14 14 14 14 14 14 14 14 14 14 14 14 14 14 14 14 14 14 14 14 14 14 14 26 26 26 26 26 26 26 26 26 26 26 26 26 26 26 38 38 38 38 38 38 38 38 38 38 38 38 38 38 38 38 38 38 38 50 50 50 50 50 50 50 50 50 50 50 50 50 74 74 86 86 86 86 86 86 110 110 110 110 110 110 170 170 170 170 170 194 194 194 194 302 302 302 302 302 434 434 434 434 590 590 590 770 770 974 974 1202 1202 1202 1730 2030 2030 2030 2030 2030 2030 2030 1730 1730 1730 2030 2030 2030 2030 2030 2030 2030 2030 2030 2030 1730 1454 1202 974 974 770 770 590 590 590 590 590 434 434 434 434 434 302 302 302 302 302 302 302 302 302 266 194 194 194 194 194 170 170 170 170 170 170 170 170 110 110 110 110 110 110 110 110 110 110 110 110 110 110 110 110 110 110 110 110 110 110 110 110 110 86 86 86 50 50 50 50 50 50 14 14 14 14 14 6 6 6 6 6 6 6 6 6 6 6 6 6 6 6 6 6 6

################################################################################

# Grid for Z=17 and Zeff=17
# Cost:             -9.08136
# Number of points: 48538
# Number of shells: 213

17 17
   PowerRTransform 6.973461044382589e-14 27.662841109622494 213
   6 6 6 6 6 6 6 6 6 6 6 6 6 6 6 6 6 6 6 6 6 6 6 6 6 6 6 6 6 6 6 6 6 6 6 6 6 6 6 6 6 6 6 6 6 6 6 6 6 14 14 14 14 14 14 14 14 14 14 14 14 14 14 14 14 14 14 14 14 14 14 14 14 14 14 14 14 14 14 14 26 26 26 26 26 26 26 26 26 26 26 26 26 38 38 38 38 38 38 38 38 38 38 50 50 50 50 50 50 50 50 50 50 50 50 50 74 74 74 86 86 86 86 86 110 110 110 110 110 146 170 170 170 170 194 194 194 194 302 302 302 434 590 590 590 590 974 1202 1454 1730 1730 2030 1730 2030 2030 2030 2030 2030 2030 1730 1454 1202 1202 770 770 590 590 590 434 434 434 434 434 434 302 302 302 302 302 266 194 194 194 194 170 170 170 170 170 110 110 110 110 110 110 110 110 86 110 110 110 110 110 110 86 86 50 50 50 14 14 14 14

################################################################################

# Grid for Z=18 and Zeff=18
# Cost:             -8.76218
# Number of points: 67344
# Number of shells: 256

18 18
   PowerRTransform 9.56963255521099e-14 27.65480459846554 256
   6 6 6 6 6 6 6 6 6 6 6 6 6 6 6 6 6 6 6 6 6 6 6 6 6 6 6 6 6 6 6 6 6 6 6 6 6 6 6 6 6 6 6 6 6 6 6 6 6 6 6 6 6 6 6 6 6 6 14 14 14 14 14 14 14 14 14 14 14 14 14 14 14 14 14 14 14 14 14 14 14 14 14 14 14 14 14 14 14 14 14 26 26 26 26 26 26 26 26 26 26 26 26 26 26 26 26 26 38 38 38 38 38 38 38 38 38 38 38 38 38 50 50 50 50 50 50 50 50 50 50 50 74 74 74 86 86 86 86 86 86 110 110 110 110 110 110 170 170 170 170 194 194 194 194 266 302 302 302 302 434 434 434 434 590 590 770 770 974 974 1202 1454 1730 1730 2030 2030 2030 2030 2030 2030 2030 1730 1454 1454 1454 1730 2030 2030 2030 2030 1730 1202 1202 974 770 770 590 590 434 434 434 434 434 434 302 302 302 302 302 302 302 302 302 266 266 194 194 194 194 194 194 170 170 170 170 170 170 170 170 110 110 110 110 110 110 110 110 110 110 110 110 110 86 50 50 50 38 50 26 26 6 6 6 6 6 6

################################################################################

# Grid for Z=19 and Zeff=19
# Cost:             -8.82651
# Number of points: 79976
# Number of shells: 308

19 19
   PowerRTransform 1.0284695496393744e-13 27.54050800423364 308
   6 6 6 6 6 6 6 6 6 6 6 6 6 6 6 6 6 6 6 6 6 6 6 6 6 6 6 6 6 6 6 6 6 6 6 6 6 6 6 6 6 6 6 6 6 6 6 6 6 6 6 6 6 6 6 6 6 6 6 6 6 6 6 6 6 6 6 6 6 6 6 6 6 14 14 14 14 14 14 14 14 14 14 14 14 14 14 14 14 14 14 14 14 14 14 14 14 14 14 14 14 14 14 14 14 14 14 14 14 14 14 14 14 14 14 14 14 14 14 26 26 26 26 26 26 26 26 26 26 26 26 26 26 26 26 26 26 26 26 26 26 26 26 26 26 38 38 38 38 38 38 38 38 38 38 38 38 38 38 38 38 38 38 50 50 50 50 50 50 50 50 50 50 50 50 50 74 74 74 74 86 86 86 86 86 86 86 110 110 110 110 110 110 110 110 146 146 170 170 170 170 170 170 194 194 194 194 194 194 302 302 302 302 302 434 434 434 434 590 590 770 770 770 974 974 1202 1202 1454 1730 2030 2030 2030 2030 2030 2030 2030 2030 2030 2030 2030 2030 2030 2030 2030 2030 1730 2030 1454 1202 1202 1202 770 770 770 770 590 590 590 590 590 590 434 434 434 434 434 434 434 434 434 434 302 302 302 302 302 302 302 302 302 302 266 194 194 194 194 194 194 170 170 170 170 170 110 110 110 86 86 50 50 50 50 38 26 14 6 6 6

################################################################################

# Grid for Z=20 and Zeff=20
# Cost:             -8.07845
# Number of points: 97256
# Number of shells: 308

20 20
   PowerRTransform 6.38303891400696e-12 34.18151272316816 308
   6 6 6 6 6 6 6 6 6 6 6 6 6 6 6 6 6 6 6 6 6 6 6 6 6 6 6 6 6 6 6 6 6 6 6 6 6 6 6 6 6 6 6 6 6 6 6 6 6 6 6 6 6 6 14 14 14 14 14 14 14 14 14 14 14 14 14 14 14 14 14 14 14 14 14 14 14 14 14 14 14 14 14 14 14 26 26 26 26 26 26 26 26 26 26 26 26 26 26 26 26 26 26 26 26 26 26 26 26 26 26 26 26 26 26 38 38 38 38 38 38 38 38 38 38 38 38 38 38 38 38 38 50 50 50 50 50 50 50 50 50 50 50 50 50 50 50 74 74 74 86 86 86 86 86 86 86 86 110 110 110 110 110 110 110 110 110 146 170 170 170 170 194 194 194 194 194 194 194 194 302 302 302 434 434 434 590 590 590 770 770 770 974 974 1202 1202 1202 1202 1730 1730 1454 1454 1454 1202 1454 1730 1730 1730 2030 2030 2030 2030 2030 2030 2030 2030 2030 2030 2030 2030 2030 2030 2030 2030 2030 2030 1730 1730 1454 1202 974 974 770 770 590 590 590 590 590 434 434 434 434 434 434 434 434 434 302 302 302 302 302 302 302 302 302 302 302 266 194 194 194 194 194 194 194 194 194 170 170 170 170 170 146 110 110 110 110 110 110 110 110 110 110 110 110 86 86 50 50 50 50 50 50 50 50 50 6 6 6 6 6 6 6 6 6 6

################################################################################

# Grid for Z=21 and Zeff=21
# Cost:             -8.87883
# Number of points: 89152
# Number of shells: 308

21 21
   PowerRTransform 1.0282538970444542e-13 27.353796326179257 308
   6 6 6 6 6 6 6 6 6 6 6 6 6 6 6 6 6 6 6 6 6 6 6 6 6 6 6 6 6 6 6 6 6 6 6 6 6 6 6 6 6 6 6 6 6 6 6 6 6 6 6 6 6 6 6 6 6 6 6 6 6 6 6 14 14 14 14 14 14 14 14 14 14 14 14 14 14 14 14 14 14 14 14 14 14 14 14 14 14 26 26 26 26 26 26 26 26 26 26 26 26 26 26 26 26 26 26 26 26 26 26 26 26 38 38 38 38 38 38 38 38 38 38 38 38 38 38 38 38 38 38 38 38 38 38 38 38 50 50 50 74 74 74 74 74 74 74 74 74 86 86 110 110 110 110 110 110 110 110 110 110 110 110 110 110 110 110 110 110 110 110 110 170 170 170 170 170 170 170 170 170 170 170 170 170 170 170 170 170 170 194 194 194 194 194 194 194 194 194 194 194 194 194 194 302 302 302 302 302 434 434 434 590 590 590 590 770 770 770 974 974 1202 1454 1454 1730 2030 2030 2030 2030 2030 2030 2030 2030 2030 2030 2030 2030 2030 2030 2030 2030 2030 2030 2030 2030 2030 1454 974 974 974 770 770 770 590 590 590 590 434 434 434 434 434 434 434 302 302 302 302 302 302 302 302 302 302 302 302 266 194 194 194 194 170 170 170 170 170 170 170 170 170 170 170 170 110 110 110 110 110 110 110 74 74 50 50 26 26 26 14

################################################################################

# Grid for Z=22 and Zeff=22
# Cost:             -8.19252
# Number of points: 79040
# Number of shells: 256

22 22
   PowerRTransform 1.4076869872674388e-11 28.702742325126064 256
   6 6 6 6 6 6 6 6 6 6 6 6 6 6 6 6 6 6 6 6 6 6 6 6 6 6 6 6 6 6 6 6 6 6 6 6 6 6 6 6 6 14 14 14 14 14 14 14 14 14 14 14 14 14 14 14 14 14 14 14 26 26 26 26 26 26 26 26 26 26 26 26 26 26 26 26 26 26 38 38 38 38 38 38 38 38 38 38 38 38 38 38 38 38 38 38 50 50 74 74 74 74 74 74 74 74 74 86 110 110 110 110 110 110 110 170 170 170 170 194 194 194 194 194 194 194 194 194 194 194 194 194 194 194 194 194 194 194 194 194 230 230 230 302 302 302 302 302 302 302 302 302 302 302 302 302 302 302 302 302 434 434 434 590 590 590 770 770 770 770 974 1454 1730 1730 2030 2030 2030 2030 2030 2030 2030 2030 2030 2030 2030 2030 2030 2030 2030 2030 1730 1202 1202 974 974 770 770 770 590 590 590 590 434 434 434 434 434 434 434 302 302 302 302 302 302 302 302 302 302 302 266 194 194 194 194 194 194 170 170 170 170 170 170 110 110 110 110 86 86 86 86 50 50 50 38 38 14 14 14 6 6 6 6 6 6 6

################################################################################

# Grid for Z=23 and Zeff=23
# Cost:             -8.06274
# Number of points: 83928
# Number of shells: 256

23 23
   PowerRTransform 1.609142580108452e-11 32.71494273567046 256
   6 6 6 6 6 6 6 6 6 6 6 6 6 6 6 6 6 6 6 6 6 6 6 6 6 6 6 6 6 6 6 6 6 6 6 6 6 6 14 14 14 14 14 14 14 14 14 14 14 14 14 14 14 14 14 14 14 26 26 26 26 26 26 26 26 26 26 26 26 26 26 26 26 38 38 38 38 38 38 38 38 38 38 38 38 38 38 38 38 38 50 74 74 74 74 74 74 74 74 74 74 86 110 110 110 110 110 146 170 170 170 170 194 194 194 194 194 194 194 194 194 194 194 194 194 194 194 194 194 194 194 194 194 194 194 302 302 302 302 302 302 302 302 434 434 434 434 302 302 302 302 590 590 590 590 590 770 770 770 770 770 770 770 770 974 1202 1202 1730 1454 2030 2030 2030 2030 2030 2030 2030 2030 2030 2030 2030 2030 2030 2030 2030 2030 1730 1202 1202 1202 1202 1202 974 590 590 590 590 590 590 434 434 434 434 434 434 302 302 302 302 302 302 302 302 302 302 266 194 194 194 194 194 170 170 170 170 170 110 110 110 110 110 110 110 110 110 110 110 110 110 110 110 110 86 86 50 50 50 14 14 14 14 14 6 6 6 6 6

################################################################################

# Grid for Z=24 and Zeff=24
# Cost:             -9.19179
# Number of points: 73896
# Number of shells: 256

24 24
   PowerRTransform 9.610976418575978e-14 27.700286993747497 256
   6 6 6 6 6 6 6 6 6 6 6 6 6 6 6 6 6 6 6 6 6 6 6 6 6 6 6 6 6 6 6 6 6 6 6 6 6 6 6 6 6 6 6 6 6 6 6 6 6 6 6 14 14 14 14 14 14 14 14 14 14 14 14 14 14 14 14 14 14 14 14 26 26 26 26 26 26 26 26 26 26 26 26 26 26 26 26 26 38 38 38 38 38 38 38 38 38 38 38 38 38 38 38 38 38 50 74 74 74 74 74 74 74 74 74 74 86 110 110 110 110 110 146 170 170 170 170 194 194 266 266 302 302 302 302 302 302 302 302 302 302 302 302 302 302 302 302 302 302 302 302 302 302 302 302 302 434 434 434 434 434 434 434 434 434 434 434 434 434 434 434 434 434 434 590 590 590 590 770 974 974 1202 1202 1730 2030 2030 2030 2030 2030 2030 2030 2030 2030 2030 2030 2030 2030 1454 1202 974 974 974 770 590 590 590 590 590 434 434 434 434 434 434 302 302 302 302 302 302 302 302 302 302 266 194 194 194 194 194 194 170 170 170 170 170 110 110 110 110 110 86 50 50 50 38 6 6 6 6 6 6 6 6 6 6

################################################################################

# Grid for Z=25 and Zeff=25
# Cost:             -9.07418
# Number of points: 89916
# Number of shells: 308

25 25
   PowerRTransform 8.725596971236748e-16 32.95613909882451 308
   6 6 6 6 6 6 6 6 6 6 6 6 6 6 6 6 6 6 6 6 6 6 6 6 6 6 6 6 6 6 6 6 6 6 6 6 6 6 6 6 6 6 6 6 6 6 6 6 6 6 6 6 6 6 6 6 6 6 6 6 6 6 6 6 6 6 6 6 6 6 14 14 14 14 14 14 14 14 14 14 14 14 14 14 14 14 14 14 14 14 14 14 14 14 14 14 26 26 26 26 26 26 26 26 26 26 26 26 26 26 26 26 26 26 26 38 38 38 38 38 38 38 38 38 38 38 38 38 38 38 38 38 38 38 38 38 50 50 74 74 74 74 74 74 74 74 74 86 110 110 110 110 110 110 110 170 170 170 170 194 194 194 194 194 194 194 194 194 194 194 194 194 194 194 194 194 194 194 194 194 194 194 194 194 194 302 302 302 302 302 302 302 302 302 302 302 302 302 302 434 434 434 590 590 590 590 770 770 974 1202 1454 1454 1454 1202 2030 2030 2030 1730 1730 1730 2030 2030 2030 2030 2030 2030 2030 2030 2030 2030 2030 2030 2030 2030 2030 2030 2030 1202 1202 1202 974 770 770 770 590 590 590 590 434 434 434 434 434 302 302 302 302 302 302 302 302 302 302 266 266 194 194 194 194 194 170 170 170 170 110 110 110 110 86 50 50 50 50 26 14 14 6 6 6 6 6 6 6 6 6 6 6 6 6 6 6 6 6 6 6 6 6 6

################################################################################

# Grid for Z=26 and Zeff=26
# Cost:             -8.92257
# Number of points: 72600
# Number of shells: 256

26 26
   PowerRTransform 9.609025577892265e-14 27.699352017356258 256
   6 6 6 6 6 6 6 6 6 6 6 6 6 6 6 6 6 6 6 6 6 6 6 6 6 6 6 6 6 6 6 6 6 6 6 6 6 6 6 6 6 6 6 6 6 6 6 6 6 6 14 14 14 14 14 14 14 14 14 14 14 14 14 14 14 14 14 14 14 14 26 26 26 26 26 26 26 26 26 26 26 26 26 26 26 26 26 38 38 38 38 38 38 38 38 38 38 38 38 38 38 38 38 38 74 74 74 74 74 74 74 74 74 74 74 86 110 110 110 110 146 146 170 170 170 230 230 266 266 266 266 266 266 266 266 266 266 266 266 266 266 266 266 266 266 266 266 302 302 302 302 350 350 434 434 434 434 434 434 434 434 434 434 434 302 302 434 434 434 434 434 434 434 434 434 590 590 770 770 770 1202 1454 1454 1730 2030 2030 2030 2030 2030 2030 2030 2030 2030 2030 2030 2030 1454 1202 974 974 770 770 770 590 590 590 434 434 434 434 434 434 434 302 302 302 302 302 302 302 302 302 302 194 194 194 194 194 194 194 170 170 170 170 170 110 110 110 110 86 86 86 86 86 50 50 50 50 38 26 14 6 6 6 6 6

################################################################################

# Grid for Z=27 and Zeff=27
# Cost:             -8.35610
# Number of points: 102196
# Number of shells: 308

27 27
   PowerRTransform 6.0431345791613955e-12 32.264717498901234 308
   6 6 6 6 6 6 6 6 6 6 6 6 6 6 6 6 6 6 6 6 6 6 6 6 6 6 6 6 6 6 6 6 6 6 6 6 6 6 6 6 6 6 6 6 14 14 14 14 14 14 14 14 14 14 14 14 14 14 14 14 14 14 14 14 14 14 26 26 26 26 26 26 26 26 26 26 26 26 26 26 26 26 26 26 38 38 38 38 38 38 38 38 38 38 38 38 38 38 38 38 38 38 38 38 50 50 74 74 74 74 74 74 74 74 74 74 86 86 110 110 110 110 110 110 170 170 170 170 170 194 194 194 194 194 194 194 194 194 194 194 194 194 194 194 194 194 194 194 194 194 194 194 194 194 194 266 266 266 266 302 302 302 302 302 302 302 302 302 302 302 302 302 302 302 302 302 302 434 434 434 434 434 434 434 590 590 770 770 974 974 974 1202 1454 1730 2030 2030 2030 2030 2030 2030 2030 2030 2030 2030 2030 2030 2030 2030 2030 2030 2030 2030 2030 2030 2030 2030 2030 1730 1454 1202 1202 974 974 770 770 770 590 590 590 590 590 434 434 434 434 434 434 434 434 434 302 302 302 302 302 302 302 302 302 302 302 266 266 194 194 194 194 170 170 170 170 170 170 170 170 170 170 170 170 170 170 170 170 110 110 110 110 110 110 110 110 110 110 110 110 110 110 110 110 110 110 110 86 86 50 50 50 50 6 6 6 6 6 6 6 6 6 6

################################################################################

# Grid for Z=28 and Zeff=28
# Cost:             -8.06614
# Number of points: 87716
# Number of shells: 256

28 28
   PowerRTransform 1.0609854993420814e-11 21.698079801102864 256
   6 6 6 6 6 6 6 6 6 6 6 6 6 6 6 6 6 6 6 6 6 6 6 6 6 6 6 6 6 6 6 6 6 6 6 6 6 6 6 6 14 14 14 14 14 14 14 14 14 14 14 14 14 14 14 14 14 14 14 26 26 26 26 26 26 26 26 26 26 26 26 26 26 26 26 26 38 38 38 38 38 38 38 38 38 38 38 38 38 38 38 38 50 50 50 50 50 74 74 74 74 74 86 86 86 86 110 110 110 110 110 170 170 170 170 194 194 194 194 194 194 194 194 194 194 194 194 194 194 194 194 194 194 194 194 194 194 194 194 194 194 194 194 194 194 194 194 194 302 302 302 302 302 302 302 302 302 302 302 434 434 434 434 590 590 770 770 770 974 974 1202 1454 1730 2030 2030 2030 2030 2030 2030 2030 2030 2030 2030 2030 2030 2030 2030 2030 2030 2030 2030 2030 2030 2030 1730 1454 1202 974 770 770 770 590 590 590 590 434 434 434 434 434 434 434 302 302 302 302 302 302 302 302 302 302 302 266 194 194 194 194 194 194 170 170 170 170 170 170 110 110 110 110 110 110 110 86 86 50 50 50 38 38 14 6 6 6 6 6

################################################################################

# Grid for Z=29 and Zeff=29
# Cost:             -8.32297
# Number of points: 46310
# Number of shells: 213

29 29
   PowerRTransform 6.970873074455674e-14 27.941098295748553 213
   6 6 6 6 6 6 6 6 6 6 6 6 6 6 6 6 6 6 6 6 6 6 6 6 6 6 6 6 6 6 6 6 6 6 6 6 6 6 6 6 6 6 6 6 6 6 6 6 6 6 6 14 14 14 14 14 14 14 14 14 14 14 14 14 14 14 14 14 14 26 26 26 26 26 26 26 26 26 26 26 26 26 26 26 26 26 26 26 26 26 38 38 38 38 38 38 38 38 38 38 38 38 38 38 38 38 38 38 38 38 50 50 50 50 50 50 50 50 50 50 74 74 74 74 74 86 86 86 86 86 110 110 110 110 146 170 170 170 194 194 194 194 194 302 302 302 434 434 590 590 770 770 974 1202 1454 1730 2030 2030 2030 2030 2030 2030 2030 2030 1454 1454 1202 974 770 770 590 590 434 434 434 434 434 302 302 302 302 302 302 302 302 194 194 194 170 170 170 170 170 170 170 110 110 110 110 110 74 50 50 38 14 6 6 6 6 6 6 6 6

################################################################################

# Grid for Z=30 and Zeff=30
# Cost:             -8.39267
# Number of points: 52794
# Number of shells: 213

30 30
   PowerRTransform 6.970281955137271e-14 27.94201616677514 213
   6 6 6 6 6 6 6 6 6 6 6 6 6 6 6 6 6 6 6 6 6 6 6 6 6 6 6 6 6 6 6 6 6 6 6 6 6 6 6 6 6 6 6 6 6 6 6 6 6 6 14 14 14 14 14 14 14 14 14 14 14 14 14 14 14 14 14 14 14 26 26 26 26 26 26 26 26 26 26 26 26 26 26 26 26 26 26 38 38 38 38 38 38 38 38 38 38 38 38 38 38 38 38 38 38 38 50 50 50 50 50 50 50 50 50 50 50 74 74 74 74 74 86 86 110 110 110 110 110 170 170 170 194 194 194 194 302 302 302 434 434 434 590 770 770 974 974 1202 1730 2030 2030 2030 2030 2030 1730 1730 2030 2030 2030 2030 2030 2030 1454 1202 770 770 590 590 434 434 434 434 434 302 302 302 302 302 302 302 266 194 194 194 194 194 194 170 170 170 170 170 110 110 110 110 110 110 86 86 86 50 50 50 38 14 6 6 6 6 6 6 6

################################################################################

# Grid for Z=31 and Zeff=31
# Cost:             -8.27584
# Number of points: 63532
# Number of shells: 256

31 31
   PowerRTransform 5.864754912012971e-14 33.735223042772205 256
   6 6 6 6 6 6 6 6 6 6 6 6 6 6 6 6 6 6 6 6 6 6 6 6 6 6 6 6 6 6 6 6 6 6 6 6 6 6 6 6 6 6 6 6 6 6 6 6 6 6 6 6 6 6 6 6 14 14 14 14 14 14 14 14 14 14 14 14 14 14 14 14 14 14 14 14 14 14 14 14 14 14 26 26 26 26 26 26 26 26 26 26 26 26 26 26 26 26 26 26 26 26 26 26 38 38 38 38 38 38 38 38 38 38 38 38 38 38 38 38 38 38 38 38 50 50 50 50 50 50 50 50 50 50 50 50 50 50 50 74 86 86 86 86 110 110 110 110 110 170 170 170 194 194 194 194 302 302 302 302 434 434 434 590 590 590 770 974 1202 1202 1454 1730 2030 2030 2030 2030 2030 1730 1730 2030 2030 2030 2030 1730 2030 2030 2030 1730 1454 1202 770 770 770 590 434 434 434 434 302 302 302 302 302 302 302 302 302 302 266 194 194 194 194 170 170 170 170 170 170 170 170 170 170 170 170 170 110 110 110 110 110 110 110 110 110 110 110 110 110 110 110 86 50 50 50 50 50 6 6 6 6 6 6 6 6 6

################################################################################

# Grid for Z=33 and Zeff=33
# Cost:             -8.01656
# Number of points: 44294
# Number of shells: 213

33 33
   PowerRTransform 2.9180447172839345e-14 23.221629139900294 213
   6 6 6 6 6 6 6 6 6 6 6 6 6 6 6 6 6 6 6 6 6 6 6 6 6 6 6 6 6 6 6 6 6 6 6 6 6 6 6 6 6 6 6 6 6 6 6 6 6 6 6 6 6 14 14 14 14 14 14 14 14 14 14 14 14 14 14 14 14 14 14 14 14 14 14 14 14 26 26 26 26 26 26 26 26 26 26 26 26 26 26 26 26 26 26 26 26 26 26 38 38 38 38 38 38 38 38 38 38 38 38 38 38 38 50 50 50 50 50 50 50 50 50 50 50 50 50 86 86 86 110 110 110 110 110 146 170 194 194 194 194 194 302 302 434 434 590 590 770 770 770 974 974 974 770 770 770 974 1202 1454 1730 2030 2030 2030 2030 2030 1730 1202 1202 974 770 590 590 590 434 434 434 434 302 302 302 302 302 302 194 194 194 170 170 170 170 170 170 110 110 110 110 110 86 86 86 50 50 50 50 50 38 38 38 38 14 14 14

################################################################################

# Grid for Z=34 and Zeff=34
# Cost:             -8.08082
# Number of points: 43600
# Number of shells: 256

34 34
   PowerRTransform 3.4292424501022244e-16 26.19276176906384 256
   6 6 6 6 6 6 6 6 6 6 6 6 6 6 6 6 6 6 6 6 6 6 6 6 6 6 6 6 6 6 6 6 6 6 6 6 6 6 6 6 6 6 6 6 6 6 6 6 6 6 6 6 6 6 6 6 6 6 6 6 6 6 6 6 6 6 6 6 6 6 6 14 14 14 14 14 14 14 14 14 14 14 14 14 14 14 14 14 14 14 14 14 14 14 14 14 14 14 14 14 14 26 26 26 26 26 26 26 26 26 26 26 26 26 26 26 26 26 26 26 26 26 26 26 26 26 26 26 26 26 38 38 38 38 38 38 38 38 38 38 38 38 38 50 50 50 50 50 50 50 50 50 50 50 50 50 50 50 50 74 74 74 74 86 86 86 86 110 110 110 110 110 170 170 170 170 194 194 194 194 302 302 302 302 434 434 434 590 770 770 974 1202 1202 1454 2030 2030 2030 2030 2030 2030 2030 1454 1202 1202 770 770 770 590 590 434 434 434 434 434 434 302 302 302 302 266 194 194 194 194 194 170 170 170 110 110 110 110 110 110 86 86 86 86 50 50 50 50 50 38 38 38 26 14 14 14 6 6 6 6 6 6

################################################################################

# Grid for Z=35 and Zeff=35
# Cost:             -8.00139
# Number of points: 62096
# Number of shells: 256

35 35
   PowerRTransform 9.355094165582756e-14 22.355281357450373 256
   6 6 6 6 6 6 6 6 6 6 6 6 6 6 6 6 6 6 6 6 6 6 6 6 6 6 6 6 6 6 6 6 6 6 6 6 6 6 6 6 6 6 6 6 6 6 6 6 6 6 6 6 6 6 6 6 14 14 14 14 14 14 14 14 14 14 14 14 14 14 14 14 14 14 14 14 14 14 14 14 14 14 14 14 26 26 26 26 26 26 26 26 26 26 26 26 26 26 26 26 26 26 26 26 26 26 26 26 26 26 26 26 26 38 38 38 38 38 38 38 38 38 38 38 38 38 38 38 38 50 50 50 50 50 50 50 50 50 50 50 50 50 50 74 74 86 86 86 86 110 110 110 110 110 110 146 146 170 170 170 194 194 194 194 302 302 302 302 302 434 434 590 590 590 590 770 974 974 1202 974 1202 974 974 770 770 974 1202 1454 1730 2030 2030 2030 2030 2030 2030 2030 2030 1730 2030 1730 1202 1202 974 770 770 590 590 590 434 434 434 434 434 302 302 302 302 302 302 302 302 302 266 194 194 194 194 194 170 170 170 170 170 110 110 110 110 110 110 110 110 86 86 50 50 50 50 50 50 38 38 26 14 14 14 6

################################################################################

# Grid for Z=37 and Zeff=9
# Cost:             -8.11334
# Number of points: 68138
# Number of shells: 213

37 9
   PowerRTransform 4.817320111515447e-09 33.48134876315236 213
   6 6 6 6 6 6 6 6 6 6 6 6 6 6 6 6 6 6 6 6 6 6 6 6 6 6 6 6 6 6 6 6 6 6 6 6 6 6 6 6 6 6 6 6 6 6 6 14 14 14 14 14 14 14 14 14 14 14 14 14 14 14 14 26 26 26 26 26 26 26 26 26 26 26 26 38 38 38 38 38 38 38 38 38 38 38 50 50 50 50 50 50 50 50 50 50 74 74 86 86 86 86 86 86 110 110 110 110 110 146 170 170 170 170 194 194 194 194 194 194 302 302 302 302 434 434 434 590 590 770 770 770 974 1202 1454 1454 2030 2030 2030 2030 2030 2030 2030 2030 2030 2030 2030 2030 2030 2030 2030 1454 2030 1730 974 974 974 770 770 590 590 590 590 590 590 434 434 434 434 434 302 302 302 302 302 302 302 302 302 194 194 194 194 194 170 170 170 170 170 170 170 110 110 110 110 110 110 110 110 86 50 50 50 50 50 38 38 38 14 14 14 14 14

################################################################################

# Grid for Z=38 and Zeff=10
# Cost:             -8.58300
# Number of points: 78458
# Number of shells: 213

38 10
   PowerRTransform 8.358050835483047e-08 26.00095034683472 213
   6 6 6 6 6 6 6 6 6 6 6 6 6 6 6 6 6 6 6 6 6 6 6 6 6 6 6 6 6 6 6 6 14 14 14 14 14 14 14 14 14 14 14 14 14 14 14 14 14 26 26 26 26 26 26 26 26 26 38 38 38 38 38 38 38 38 38 38 38 38 38 38 38 50 50 50 50 50 50 50 50 50 50 50 50 50 74 74 74 86 86 86 86 86 110 110 110 110 110 110 110 146 170 170 170 170 170 194 194 194 194 194 194 302 302 302 302 302 434 434 434 590 590 590 590 770 770 974 974 1202 1454 1454 1730 2030 2030 2030 2030 2030 2030 2030 2030 2030 2030 2030 2030 2030 2030 2030 2030 2030 1730 1730 1454 974 974 974 770 770 770 590 590 590 590 590 590 434 434 434 434 434 434 434 434 302 302 302 302 302 302 302 302 266 266 194 194 194 194 194 194 194 194 170 170 170 170 170 170 170 110 110 110 110 110 110 110 86 50 50 50 50 26 26 26

################################################################################

# Grid for Z=39 and Zeff=11
# Cost:             -8.55964
# Number of points: 75068
# Number of shells: 178

39 11
   PowerRTransform 2.3849275844584826e-08 24.435407672753666 178
   6 6 6 6 6 6 6 6 6 6 6 6 6 6 6 6 6 6 6 6 6 6 6 6 6 6 14 14 14 14 14 14 14 14 14 14 14 14 14 26 26 38 38 38 38 38 38 38 38 38 50 74 74 74 74 74 74 74 74 86 86 86 110 110 110 110 110 110 110 110 110 110 110 110 110 110 110 110 110 110 110 110 110 110 110 110 170 170 170 170 194 194 194 266 302 302 302 302 302 434 434 434 590 590 770 770 770 1202 1454 1454 2030 2030 2030 2030 2030 2030 2030 2030 2030 2030 2030 2030 2030 2030 2030 2030 2030 2030 2030 2030 1454 1202 1202 1202 974 770 770 590 590 590 590 434 434 434 434 434 434 434 302 302 302 302 302 302 302 302 194 194 194 194 194 194 194 170 170 170 146 146 110 110 110 86 86 86 38 38 38 6

################################################################################

# Grid for Z=40 and Zeff=12
# Cost:             -8.41445
# Number of points: 72940
# Number of shells: 178

40 12
   PowerRTransform 1.1118852909605444e-07 25.20009010237354 178
   6 6 6 6 6 6 6 6 6 6 6 6 6 6 6 6 6 6 6 6 14 14 14 14 14 14 14 14 14 14 14 14 26 38 38 38 38 38 38 50 50 74 74 74 86 110 110 110 110 110 110 110 110 110 110 110 110 110 110 110 110 170 170 170 170 170 170 170 170 170 170 170 194 194 194 194 194 230 230 230 302 302 302 302 302 302 302 434 434 434 434 434 434 434 434 434 434 434 434 434 590 590 770 974 974 1202 1202 1730 1454 2030 2030 2030 2030 2030 2030 2030 2030 2030 2030 2030 2030 2030 2030 2030 1730 1454 1454 974 770 770 770 590 590 590 434 434 434 434 434 434 302 302 302 302 302 302 302 302 302 266 194 194 194 194 194 194 170 170 170 170 170 170 170 170 170 110 110 110 110 110 110 110 86 50 50 26 26 26

################################################################################

# Grid for Z=41 and Zeff=13
# Cost:             -8.12022
# Number of points: 63660
# Number of shells: 148

41 13
   PowerRTransform 3.1600939171328194e-07 23.823267167396057 148
   6 6 6 6 6 6 6 6 6 6 6 6 6 6 6 6 14 14 14 14 14 14 14 14 14 14 26 38 38 38 38 38 50 74 74 86 86 110 110 110 110 146 170 170 170 170 170 170 170 170 170 170 170 170 170 170 170 170 170 170 194 194 194 194 194 266 302 302 302 302 302 302 434 434 434 434 434 590 590 590 590 590 590 770 974 974 1454 1730 2030 2030 2030 2030 2030 2030 2030 2030 2030 2030 2030 2030 2030 1730 1454 1202 1454 1454 974 770 590 590 434 434 434 434 434 434 434 302 302 302 302 302 302 194 194 194 194 170 170 170 170 170 170 170 170 110 110 110 110 110 86 86 50 50 50 38 14 14

################################################################################

# Grid for Z=42 and Zeff=14
# Cost:             -8.43608
# Number of points: 53504
# Number of shells: 148

42 14
   PowerRTransform 3.60332098682919e-08 23.943566717367933 148
   6 6 6 6 6 6 6 6 6 6 6 6 6 6 6 6 6 6 6 14 14 14 14 14 14 14 14 14 14 14 26 38 38 38 38 38 50 74 74 86 110 110 110 146 170 170 170 170 170 170 194 194 194 194 194 194 194 194 194 194 194 194 230 230 266 266 302 302 302 302 302 302 434 434 434 434 434 434 434 590 590 590 590 434 434 434 434 434 434 434 590 590 770 974 1202 1454 1730 2030 2030 2030 2030 2030 2030 2030 1730 1454 1202 974 974 770 770 590 590 590 434 434 434 434 302 302 302 302 302 302 302 194 194 194 194 194 170 170 170 170 110 110 110 110 110 110 86 50 50 50 50 50 6 6

################################################################################

# Grid for Z=43 and Zeff=15
# Cost:             -8.41044
# Number of points: 58100
# Number of shells: 148

43 15
   PowerRTransform 6.091827177375081e-08 24.18892878203373 148
   6 6 6 6 6 6 6 6 6 6 6 6 6 6 6 6 6 6 14 14 14 14 14 14 14 14 14 14 14 38 38 38 38 38 38 74 74 74 74 110 110 110 146 170 170 170 170 170 170 170 170 170 170 170 170 194 194 194 194 230 230 230 230 266 302 302 302 302 302 350 434 434 434 434 590 590 590 590 770 770 770 974 974 770 770 770 590 590 590 590 590 974 1202 1454 1730 1454 2030 1730 2030 2030 2030 2030 2030 1454 1454 1202 1454 974 770 770 590 590 434 434 434 434 434 302 302 302 302 302 302 302 302 194 194 194 170 170 170 170 170 170 170 110 110 110 110 110 110 86 86 74 50 26 26 14

################################################################################

# Grid for Z=44 and Zeff=16
# Cost:             -8.25184
# Number of points: 55316
# Number of shells: 148

44 16
   PowerRTransform 1.2850067792576e-07 20.84124006950369 148
   6 6 6 6 6 6 6 6 6 6 6 6 6 6 6 6 6 6 14 14 14 14 14 14 14 14 14 14 14 26 38 38 38 38 38 50 74 74 74 86 110 110 110 110 110 110 170 170 170 170 170 170 170 170 170 170 170 170 194 194 194 194 194 230 230 266 302 302 302 302 302 302 302 302 302 302 302 302 302 302 302 302 302 302 302 434 434 590 590 974 974 1454 1730 2030 2030 2030 2030 2030 2030 2030 2030 2030 2030 2030 1454 1454 974 770 770 770 590 590 434 434 434 434 434 434 302 302 302 302 302 302 302 194 194 194 194 194 170 170 170 110 110 110 110 110 110 110 110 86 74 74 50 50 26 26

################################################################################

# Grid for Z=45 and Zeff=17
# Cost:             -8.20119
# Number of points: 52740
# Number of shells: 148

45 17
   PowerRTransform 1.4791945706015842e-08 22.012009840373448 148
   6 6 6 6 6 6 6 6 6 6 6 6 6 6 6 6 6 6 6 14 14 14 14 14 14 14 14 14 14 14 38 38 38 38 38 50 74 74 86 110 110 110 110 170 170 194 194 194 266 266 302 302 302 302 302 302 302 302 302 302 302 302 302 302 302 302 302 302 302 302 302 302 302 302 302 302 434 434 434 434 434 434 434 434 434 434 302 302 302 302 302 434 434 590 590 590 770 974 974 1454 1730 2030 2030 2030 2030 2030 2030 1730 1454 1202 974 770 770 590 590 590 590 434 434 434 434 302 302 302 302 302 302 266 194 194 194 194 194 170 170 170 170 170 110 110 110 110 110 86 50 50 26 26

################################################################################

# Grid for Z=46 and Zeff=18
# Cost:             -8.21337
# Number of points: 68412
# Number of shells: 178

46 18
   PowerRTransform 3.328775887199288e-08 21.71139911325334 178
   6 6 6 6 6 6 6 6 6 6 6 6 6 6 6 6 6 6 6 6 6 6 14 14 14 14 14 14 14 14 14 14 14 14 14 26 38 38 38 38 38 38 50 50 74 74 74 86 86 86 110 110 110 110 110 110 110 110 110 110 110 110 110 110 110 110 110 110 170 170 170 170 170 170 170 170 170 170 170 170 170 170 170 170 170 170 170 170 170 194 194 194 194 302 302 302 302 434 434 590 590 590 770 770 974 974 1202 1202 1730 2030 2030 2030 2030 2030 1730 1730 1454 1730 2030 2030 2030 2030 2030 2030 2030 1730 1454 1454 974 770 770 770 590 590 590 434 434 434 434 434 434 434 302 302 302 302 302 302 302 266 194 194 194 194 194 194 194 170 170 170 170 170 110 110 110 110 110 86 86 86 86 86 50 38 38 14 14 14

################################################################################

# Grid for Z=47 and Zeff=19
# Cost:             -8.22264
# Number of points: 65284
# Number of shells: 178

47 19
   PowerRTransform 2.5122327467304716e-09 21.279864949306575 178
   6 6 6 6 6 6 6 6 6 6 6 6 6 6 6 6 6 6 6 6 6 6 6 6 6 6 6 6 6 6 6 14 14 14 14 14 14 14 14 14 14 14 14 14 14 14 26 26 26 26 38 38 38 38 38 38 38 38 38 38 38 38 50 50 50 50 50 50 50 50 50 50 50 50 50 74 74 74 74 74 74 74 86 86 86 86 86 86 110 110 110 110 170 170 170 170 194 194 194 194 302 302 302 434 434 434 590 590 770 770 1202 1202 1454 1454 2030 2030 1730 2030 2030 2030 2030 2030 2030 2030 2030 2030 2030 2030 2030 2030 2030 2030 1454 1202 974 770 770 590 590 590 434 434 434 434 434 302 302 302 302 302 302 302 266 194 194 194 194 194 170 170 170 170 170 110 110 110 110 110 86 86 86 50 38 14 14 14 14 6

################################################################################

# Grid for Z=48 and Zeff=20
# Cost:             -8.41888
# Number of points: 72186
# Number of shells: 213

48 20
   PowerRTransform 8.311153303431706e-10 30.260519454176336 213
   6 6 6 6 6 6 6 6 6 6 6 6 6 6 6 6 6 6 6 6 6 6 6 6 6 6 6 6 6 6 6 6 6 6 6 6 14 14 14 14 14 14 14 14 14 14 14 14 14 14 14 14 14 14 26 26 26 26 26 38 38 38 38 38 38 38 38 38 38 38 38 38 38 38 38 38 50 50 50 50 50 50 50 50 50 50 50 50 50 50 50 50 50 50 50 86 86 86 86 110 110 110 110 110 110 146 170 170 170 170 194 194 194 194 302 302 302 434 434 434 590 590 590 770 770 974 974 1202 1454 1730 2030 2030 2030 2030 2030 2030 1730 2030 2030 2030 2030 2030 2030 2030 2030 2030 2030 1730 1454 1454 1202 1202 974 770 770 590 590 434 434 434 434 434 434 302 302 302 302 302 302 302 302 302 302 266 194 194 194 194 194 194 170 170 170 170 170 170 170 170 110 110 110 110 110 110 110 110 110 110 110 110 110 110 110 86 86 86 50 50 50 50 26 26 14

################################################################################

# Grid for Z=49 and Zeff=21
# Cost:             -8.04579
# Number of points: 44696
# Number of shells: 148

49 21
   PowerRTransform 6.260552901540902e-10 20.78160070715772 148
   6 6 6 6 6 6 6 6 6 6 6 6 6 6 6 6 6 6 6 6 6 6 6 6 6 6 6 6 6 6 14 14 14 14 14 14 14 14 14 14 14 14 26 26 26 26 26 26 26 38 38 38 38 38 38 38 38 38 38 50 50 50 50 50 50 50 50 50 50 50 50 50 50 50 50 50 86 86 86 86 110 110 146 170 170 170 194 194 302 302 302 434 434 590 590 770 770 974 974 1454 974 1202 974 1202 1454 1730 2030 1730 2030 2030 2030 2030 2030 1454 1202 974 770 590 590 434 434 434 434 434 302 302 302 302 302 302 302 266 194 194 194 170 170 170 110 110 110 110 86 86 50 50 38 14

################################################################################

# Grid for Z=50 and Zeff=22
# Cost:             -8.38511
# Number of points: 47272
# Number of shells: 178

50 22
   PowerRTransform 1.0084480797486413e-10 22.897965135010523 178
   6 6 6 6 6 6 6 6 6 6 6 6 6 6 6 6 6 6 6 6 6 6 6 6 6 6 6 6 6 6 6 6 6 6 6 6 14 14 14 14 14 14 14 14 14 14 14 14 14 14 14 14 26 26 26 26 26 26 26 26 38 38 38 38 38 38 38 38 38 38 38 38 38 38 50 50 50 50 50 50 50 50 50 50 50 50 50 50 50 50 50 50 50 74 74 86 86 86 86 110 110 110 110 110 146 170 170 170 194 194 194 194 194 302 302 302 434 434 590 590 770 770 974 1202 1730 2030 2030 2030 2030 2030 2030 2030 2030 2030 1730 1202 1454 974 1202 770 590 590 590 434 434 434 434 302 302 302 302 302 302 302 266 194 194 194 170 170 170 170 170 170 170 110 110 110 110 86 86 74 50 38 14 14 6 6

################################################################################

# Grid for Z=51 and Zeff=23
# Cost:             -8.58063
# Number of points: 71886
# Number of shells: 213

51 23
   PowerRTransform 6.419696977921035e-11 21.868037608128727 213
   6 6 6 6 6 6 6 6 6 6 6 6 6 6 6 6 6 6 6 6 6 6 6 6 6 6 6 6 6 6 6 6 6 6 6 6 6 6 6 6 6 6 14 14 14 14 14 14 14 14 14 14 14 14 14 14 14 14 14 14 14 14 26 26 26 26 26 26 26 26 26 26 38 38 38 38 38 38 38 38 38 38 38 50 50 50 50 50 50 50 50 50 50 50 50 50 50 50 50 50 50 50 50 50 50 74 74 74 74 86 74 86 86 110 110 110 110 110 110 146 170 170 170 194 194 194 194 194 302 302 302 434 434 434 590 590 590 770 770 974 1202 1202 1730 1730 2030 2030 2030 2030 2030 2030 2030 2030 2030 2030 2030 2030 2030 2030 2030 2030 2030 2030 1730 1730 1202 974 770 770 770 590 590 434 434 434 434 434 434 434 302 302 302 302 302 302 302 302 266 194 194 194 194 194 194 170 170 170 110 110 110 110 110 86 86 86 86 86 86 50 50 38 14 14 14

################################################################################

# Grid for Z=52 and Zeff=24
# Cost:             -8.02184
# Number of points: 50820
# Number of shells: 178

52 24
   PowerRTransform 7.805932281086637e-11 25.341166165130844 178
   6 6 6 6 6 6 6 6 6 6 6 6 6 6 6 6 6 6 6 6 6 6 6 6 6 6 6 6 6 6 6 6 6 6 6 6 6 14 14 14 14 14 14 14 14 14 14 14 14 14 14 14 14 26 26 26 26 26 26 26 26 26 38 38 38 38 38 38 38 38 38 50 50 50 50 50 50 50 50 50 50 50 50 50 50 50 50 50 50 50 50 74 86 86 86 86 110 110 110 110 170 170 170 170 194 194 194 302 302 302 302 434 434 590 590 770 974 974 1202 1730 2030 2030 2030 2030 2030 2030 2030 2030 2030 2030 2030 2030 1454 1202 1202 974 974 590 590 590 434 434 434 302 302 302 302 302 302 266 194 194 194 194 170 170 170 110 110 110 110 110 110 86 86 86 86 50 38 14 14 14 6 6 6 6 6 6

################################################################################

# Grid for Z=53 and Zeff=25
# Cost:             -8.40731
# Number of points: 50172
# Number of shells: 178

53 25
   PowerRTransform 8.72899014074274e-11 23.13542190670202 178
   6 6 6 6 6 6 6 6 6 6 6 6 6 6 6 6 6 6 6 6 6 6 6 6 6 6 6 6 6 6 6 6 6 6 6 6 14 14 14 14 14 14 14 14 14 14 14 14 14 14 14 26 26 26 26 26 26 26 26 26 38 38 38 38 38 38 38 38 38 38 38 50 50 50 50 50 50 50 50 50 50 50 50 50 50 50 50 50 50 50 50 74 74 74 86 86 86 86 110 110 110 110 110 146 170 170 170 170 194 194 194 302 302 302 434 434 434 590 770 770 770 1202 1454 1730 2030 2030 2030 2030 2030 2030 2030 2030 2030 2030 2030 1730 1202 974 770 770 590 590 590 434 434 434 434 302 302 302 302 302 302 302 194 194 194 194 170 170 170 170 170 110 110 110 86 86 86 86 86 50 50 50 50 50 38 6

################################################################################

# Grid for Z=54 and Zeff=26
# Cost:             -8.39776
# Number of points: 75950
# Number of shells: 213

54 26
   PowerRTransform 3.018366962547476e-11 23.009457047186096 213
   6 6 6 6 6 6 6 6 6 6 6 6 6 6 6 6 6 6 6 6 6 6 6 6 6 6 6 6 6 6 6 6 6 6 6 6 6 6 6 6 6 14 14 14 14 14 14 14 14 14 14 14 14 14 14 14 14 14 14 14 14 26 26 26 26 26 26 38 38 38 38 38 38 38 38 38 38 38 38 38 38 50 50 50 50 50 50 50 50 50 50 50 50 50 50 50 50 50 50 50 74 50 50 50 50 50 50 74 86 86 86 86 110 110 110 110 110 146 170 170 170 170 194 194 194 194 302 302 302 434 434 434 590 590 590 770 770 974 1202 1454 1454 2030 2030 2030 2030 2030 2030 2030 2030 2030 2030 2030 1730 2030 2030 2030 2030 2030 2030 2030 2030 2030 1730 1454 974 974 770 770 590 590 590 434 434 434 434 434 434 434 302 302 302 302 302 302 302 302 302 302 194 194 194 194 194 194 194 170 170 170 170 170 170 170 110 110 110 110 110 86 74 50 50 26 26

################################################################################

# Grid for Z=55 and Zeff=9
# Cost:             -8.28099
# Number of points: 86878
# Number of shells: 213

55 9
   PowerRTransform 7.165708455456728e-07 31.472831021550917 213
   6 6 6 6 6 6 6 6 6 6 6 6 6 6 6 6 6 6 6 6 6 6 6 6 6 6 6 6 14 14 14 14 14 14 14 14 14 14 14 14 14 14 14 14 26 26 26 26 26 26 26 26 26 26 26 38 38 38 38 38 38 38 38 38 38 38 38 38 50 50 50 50 50 50 50 50 50 50 74 74 86 86 86 86 86 110 110 110 110 110 110 110 170 170 170 170 170 194 194 194 194 194 194 302 302 302 302 434 434 434 434 434 590 590 590 770 770 974 974 1202 1454 1454 1730 1730 2030 2030 2030 2030 2030 2030 2030 2030 2030 2030 2030 2030 2030 2030 2030 2030 2030 2030 2030 2030 2030 1202 1202 1202 974 770 770 770 770 770 590 590 590 590 590 590 434 434 434 434 434 434 434 434 434 302 302 302 302 302 302 302 302 302 302 302 194 194 194 194 194 194 170 170 170 170 170 170 170 170 110 110 110 110 110 110 110 86 86 50 50 50 50 50 38 14 14 14 14

################################################################################

# Grid for Z=56 and Zeff=10
# Cost:             -8.04830
# Number of points: 61420
# Number of shells: 178

56 10
   PowerRTransform 7.013929719773411e-07 30.562060663664752 178
   6 6 6 6 6 6 6 6 6 6 6 6 6 6 6 6 6 6 6 6 6 6 6 6 6 6 6 6 14 14 14 14 14 14 14 14 14 14 14 14 26 26 26 26 26 26 26 26 26 38 38 38 38 38 38 38 38 38 38 38 50 50 50 50 50 50 50 74 74 74 86 86 86 86 86 110 110 110 110 110 146 170 170 170 194 194 194 194 194 302 302 302 302 434 434 434 434 590 590 770 770 974 974 1454 1730 2030 2030 2030 2030 2030 2030 2030 2030 2030 2030 2030 2030 1730 1454 2030 1730 974 974 974 770 590 590 590 434 434 434 434 434 434 434 434 302 302 302 302 302 302 302 302 266 194 194 194 194 194 194 194 170 170 170 110 110 110 110 110 110 110 110 86 86 86 86 86 86 50 50 50 38 38 14 14 14 6

################################################################################

# Grid for Z=57 and Zeff=11
# Cost:             -8.00608
# Number of points: 63652
# Number of shells: 178

57 11
   PowerRTransform 3.4774968289465756e-08 28.457416479169723 178
   6 6 6 6 6 6 6 6 6 6 6 6 6 6 6 6 6 6 6 6 6 6 6 6 6 6 6 6 6 6 6 6 14 14 14 14 14 14 14 14 14 14 14 14 14 14 14 26 26 26 26 26 38 38 38 38 38 38 38 38 38 50 50 50 50 74 74 74 74 74 86 86 86 86 86 86 110 110 110 110 110 110 110 110 146 170 170 170 170 170 170 194 194 194 194 302 302 302 302 302 302 302 434 590 590 770 770 974 1202 1202 1730 2030 2030 2030 2030 2030 2030 2030 2030 2030 2030 2030 2030 2030 2030 1730 1454 1202 1730 1454 1202 770 770 770 770 434 434 434 434 434 434 302 302 302 302 302 302 302 302 194 194 194 194 194 170 170 170 170 110 110 110 110 110 110 110 86 86 86 86 86 86 86 50 50 38 14 14 14

################################################################################

# Grid for Z=72 and Zeff=12
# Cost:             -8.06127
# Number of points: 64868
# Number of shells: 148

72 12
   PowerRTransform 1.2134608691790034e-06 20.90850666189252 148
   6 6 6 6 6 6 6 6 6 6 6 6 6 6 6 6 6 6 14 14 14 14 14 14 14 14 14 14 38 38 50 86 110 110 110 110 110 110 110 110 110 110 110 110 110 110 110 110 110 110 110 110 110 110 110 110 110 170 170 170 170 194 194 194 230 230 302 302 302 302 302 302 434 434 434 434 434 434 434 434 590 590 590 770 770 1202 1454 1730 1730 2030 2030 2030 2030 2030 2030 2030 2030 2030 2030 2030 2030 2030 2030 1730 1202 1202 974 770 770 770 590 590 590 434 434 434 434 434 302 302 302 302 302 302 302 302 266 194 194 194 194 194 194 170 170 170 170 170 110 110 110 110 86 50 50 50 50 26

################################################################################

# Grid for Z=73 and Zeff=13
# Cost:             -8.27299
# Number of points: 58028
# Number of shells: 148

73 13
   PowerRTransform 1.595962092145999e-06 31.34669033350882 148
   6 6 6 6 6 6 6 6 6 6 6 6 6 6 6 14 14 14 14 14 14 14 14 14 38 38 50 86 110 170 170 146 146 146 170 170 146 146 146 110 110 110 110 110 110 110 146 146 170 170 170 170 170 194 194 230 266 302 302 302 302 434 434 434 434 590 590 590 590 590 590 590 434 434 434 434 590 590 590 974 974 1202 1454 2030 2030 2030 2030 2030 2030 2030 2030 2030 1730 2030 1730 1730 1202 974 770 590 590 590 434 434 434 302 302 302 302 302 302 302 302 266 194 194 194 194 194 170 170 170 170 170 170 170 110 110 110 110 110 110 110 110 110 110 86 86 86 38 38 38 38 38 14 14 14 14

################################################################################

# Grid for Z=74 and Zeff=14
# Cost:             -8.43694
# Number of points: 63440
# Number of shells: 148

74 14
   PowerRTransform 1.7698783924459378e-06 24.988602937275274 148
   6 6 6 6 6 6 6 6 6 6 6 6 6 6 6 14 14 14 14 14 14 14 14 26 38 38 50 86 110 146 170 170 170 170 170 170 170 170 170 170 170 110 110 110 110 110 170 170 170 170 170 170 194 194 194 230 266 302 302 302 302 302 434 434 434 434 434 434 434 590 590 434 434 590 590 590 590 590 590 590 590 770 770 974 1202 1454 2030 2030 2030 2030 2030 2030 2030 2030 2030 2030 1730 1730 1730 1730 1454 974 974 770 590 590 590 590 434 434 434 434 434 434 302 302 302 302 302 302 302 266 194 194 194 194 194 194 170 170 170 110 110 110 110 110 110 110 110 86 74 74 50 50 50 38 14 14

################################################################################

# Grid for Z=75 and Zeff=15
# Cost:             -8.60329
# Number of points: 59132
# Number of shells: 148

75 15
   PowerRTransform 1.4786352152933138e-06 23.415560641392684 148
   6 6 6 6 6 6 6 6 6 6 6 6 6 6 6 14 14 14 14 14 14 14 14 14 14 38 38 74 86 86 86 86 86 146 146 146 146 146 146 146 146 146 146 110 110 110 146 146 146 146 170 170 170 170 194 194 230 230 266 266 302 302 302 350 434 434 434 434 434 434 434 434 434 434 434 434 434 434 434 434 434 590 770 770 974 974 974 1454 1730 2030 2030 2030 2030 2030 2030 2030 2030 2030 2030 1730 1202 974 974 770 770 590 590 590 590 434 434 434 434 434 302 302 302 302 302 302 302 302 302 194 194 194 194 194 194 170 170 170 170 170 110 110 110 110 110 110 110 50 50 50 50 26 26 14

################################################################################

# Grid for Z=76 and Zeff=16
# Cost:             -8.13359
# Number of points: 71900
# Number of shells: 148

76 16
   PowerRTransform 9.869728103955586e-06 21.481493026296057 148
   6 6 6 6 6 6 6 6 6 6 6 6 14 14 14 14 14 14 14 38 38 50 74 74 86 86 110 110 146 146 146 146 170 170 146 146 146 146 146 146 146 170 170 170 170 170 170 194 230 230 266 266 266 302 302 350 434 434 434 434 590 590 590 590 590 590 590 590 434 590 590 590 770 974 974 1202 1730 2030 2030 2030 2030 2030 2030 2030 2030 2030 2030 2030 2030 2030 2030 2030 2030 1730 1454 1454 1202 770 770 770 590 590 590 434 434 434 434 434 302 302 302 302 302 302 302 302 302 266 194 194 194 194 194 194 194 194 194 170 170 170 170 170 110 110 110 110 110 110 110 110 86 50 50 50 50 26 26 14

################################################################################

# Grid for Z=77 and Zeff=17
# Cost:             -8.40018
# Number of points: 78872
# Number of shells: 178

77 17
   PowerRTransform 2.9689040150467587e-06 27.586022766776946 178
   6 6 6 6 6 6 6 6 6 6 6 6 6 6 6 14 14 14 14 14 14 14 14 26 38 38 38 50 74 74 74 86 86 110 110 110 110 110 110 110 110 110 110 110 110 110 110 110 110 110 170 170 170 170 170 170 194 194 230 230 230 230 302 302 302 302 302 302 302 302 302 302 302 434 434 434 434 434 590 590 590 770 770 974 974 1202 1454 1730 1730 2030 2030 2030 2030 2030 2030 2030 1730 2030 2030 2030 2030 2030 2030 2030 2030 2030 1730 1730 1454 1202 1454 1454 974 974 770 590 590 590 434 434 434 434 434 302 302 302 302 302 302 302 266 194 194 194 194 194 170 170 170 170 170 170 170 170 110 110 110 110 110 110 110 110 110 110 110 110 110 110 110 110 86 50 50 50 50 50 50 38 38 38 38 26 26 14 14 14 14 14

################################################################################

# Grid for Z=78 and Zeff=18
# Cost:             -8.28160
# Number of points: 65648
# Number of shells: 148

78 18
   PowerRTransform 1.9794356284474417e-05 23.960632185495115 148
   6 6 6 6 6 6 6 6 6 6 14 14 14 14 14 14 14 14 38 38 38 50 74 74 74 86 110 110 110 110 110 110 110 110 110 110 110 110 110 110 110 110 170 170 194 194 194 230 230 230 230 302 302 302 302 302 302 302 302 302 302 434 434 434 590 590 590 974 1202 1202 1454 1730 2030 2030 2030 2030 2030 1730 1730 2030 2030 2030 2030 2030 2030 2030 2030 1730 1202 1202 1202 1202 974 974 590 590 590 434 434 434 434 302 302 302 302 302 302 302 302 266 194 194 194 194 194 194 194 170 170 170 170 170 110 110 110 110 110 110 110 110 110 86 86 86 86 86 86 86 74 50 50 50 50 50 50 38 6 6

################################################################################

# Grid for Z=79 and Zeff=19
# Cost:             -8.62826
# Number of points: 63976
# Number of shells: 148

79 19
   PowerRTransform 2.756422095315468e-07 20.365333762708723 148
   6 6 6 6 6 6 6 6 6 6 6 6 6 6 6 6 6 6 6 14 14 14 14 14 14 14 14 14 14 14 26 38 38 38 38 38 38 38 50 74 74 74 74 74 74 74 86 86 110 110 110 110 110 110 110 110 110 110 170 170 170 170 170 170 170 170 170 194 194 194 194 194 194 302 302 434 434 434 590 590 770 770 974 1202 1454 2030 1730 2030 1730 1730 2030 2030 2030 2030 2030 2030 2030 2030 2030 2030 2030 2030 2030 1454 1202 974 974 770 770 590 590 590 434 434 434 434 434 434 302 302 302 302 302 302 266 194 194 194 170 170 170 170 170 110 110 110 110 110 86 86 86 50 38 14 14 14 14 6

################################################################################

# Grid for Z=80 and Zeff=20
# Cost:             -8.07162
# Number of points: 50036
# Number of shells: 148

80 20
   PowerRTransform 7.532356402101067e-09 26.82286608885779 148
   6 6 6 6 6 6 6 6 6 6 6 6 6 6 6 6 6 6 6 6 6 6 6 6 6 6 6 6 6 14 14 14 14 14 14 14 14 14 14 14 14 26 26 26 26 26 26 38 38 38 38 38 38 38 38 50 50 50 50 50 50 74 74 74 74 74 86 86 110 110 110 146 170 170 194 194 194 302 302 302 434 434 590 770 770 974 1202 1454 1730 1730 1454 1454 1454 2030 2030 1730 1730 2030 2030 2030 2030 1454 1730 1454 1202 1202 974 590 590 434 434 434 302 302 302 302 302 302 302 302 266 194 194 194 194 194 170 170 170 170 110 110 110 110 110 110 110 86 86 50 50 50 38 14 6 6 6 6

################################################################################

# Grid for Z=81 and Zeff=21
# Cost:             -8.49509
# Number of points: 68886
# Number of shells: 213

81 21
   PowerRTransform 1.1293419012828797e-09 30.966870751043896 213
   6 6 6 6 6 6 6 6 6 6 6 6 6 6 6 6 6 6 6 6 6 6 6 6 6 6 6 6 6 6 6 6 6 6 6 6 6 6 6 14 14 14 14 14 14 14 14 14 14 14 14 14 14 14 14 14 26 26 26 26 26 26 26 26 26 26 26 38 38 38 38 38 38 38 38 38 38 38 50 50 50 50 50 50 50 50 50 50 50 50 50 50 74 86 86 86 86 86 86 110 110 110 110 110 110 110 110 170 170 170 194 194 194 194 194 302 302 302 434 434 590 590 590 590 770 974 1202 1202 1454 1730 2030 2030 2030 2030 2030 2030 2030 2030 2030 2030 2030 2030 2030 2030 2030 2030 1454 1202 1202 1202 974 974 770 770 590 434 434 434 434 434 434 434 302 302 302 302 302 302 302 302 302 302 302 266 194 194 194 194 194 194 170 170 170 170 170 110 110 110 110 110 110 110 110 110 110 110 110 110 110 110 110 110 110 86 86 26 26 26 26 26 26 14 14

################################################################################

# Grid for Z=82 and Zeff=22
# Cost:             -8.07311
# Number of points: 56760
# Number of shells: 178

82 22
   PowerRTransform 1.783199531468655e-09 23.36543415907397 178
   6 6 6 6 6 6 6 6 6 6 6 6 6 6 6 6 6 6 6 6 6 6 6 6 6 6 6 6 6 6 6 6 6 6 6 6 14 14 14 14 14 14 14 14 14 14 14 14 14 14 14 14 26 26 26 26 26 26 26 26 26 38 38 38 38 38 38 38 38 38 38 38 38 38 50 50 50 50 50 50 50 50 50 50 50 50 86 86 86 86 110 110 110 110 110 110 146 170 170 194 194 194 194 194 302 302 434 434 590 590 590 770 974 1202 1202 1730 2030 2030 2030 2030 2030 2030 2030 2030 2030 2030 2030 2030 2030 1730 1202 974 1202 1202 974 974 590 590 590 434 434 434 302 302 302 302 302 302 302 266 194 194 194 194 194 194 194 170 170 170 170 170 110 110 110 110 110 110 86 50 50 50 50 50 50 38 14 6

################################################################################

# Grid for Z=83 and Zeff=23
# Cost:             -8.46163
# Number of points: 72014
# Number of shells: 213

83 23
   PowerRTransform 2.1989189012728469e-10 22.522625034575036 213
   6 6 6 6 6 6 6 6 6 6 6 6 6 6 6 6 6 6 6 6 6 6 6 6 6 6 6 6 6 6 6 6 6 6 6 6 6 6 6 6 6 6 6 6 14 14 14 14 14 14 14 14 14 14 14 14 14 14 14 14 14 14 14 26 26 26 26 26 26 26 26 26 26 38 38 38 38 38 38 38 38 38 38 38 38 38 38 50 50 50 50 50 50 50 50 50 50 50 50 50 50 50 74 74 86 86 86 86 86 86 110 110 110 110 110 110 146 170 170 170 170 194 194 194 194 302 302 302 434 434 434 590 590 590 590 770 770 974 1202 1454 1730 1730 2030 2030 2030 2030 2030 2030 2030 2030 2030 2030 2030 2030 2030 2030 2030 2030 2030 2030 1454 1454 1202 770 770 770 590 590 590 590 434 434 434 434 434 302 302 302 302 302 302 302 302 302 302 266 194 194 194 194 194 170 170 170 170 170 110 110 110 110 110 110 86 86 86 86 86 38 38 14 14 14 14

################################################################################

# Grid for Z=84 and Zeff=24
# Cost:             -8.08857
# Number of points: 47564
# Number of shells: 178

84 24
   PowerRTransform 1.0654073334675558e-10 29.430332978451045 178
   6 6 6 6 6 6 6 6 6 6 6 6 6 6 6 6 6 6 6 6 6 6 6 6 6 6 6 6 6 6 6 6 6 6 6 6 6 6 6 6 14 14 14 14 14 14 14 14 14 14 14 14 14 14 14 26 26 26 26 26 26 26 26 26 26 38 38 38 38 38 38 38 38 38 50 50 50 50 50 50 50 50 50 50 50 50 50 50 74 74 86 86 86 110 110 110 110 146 170 170 170 194 194 194 194 302 302 302 434 434 434 590 770 974 974 1454 1730 2030 2030 2030 2030 2030 2030 2030 2030 2030 2030 2030 1454 1202 974 974 590 590 590 434 434 434 302 302 302 302 302 302 266 194 194 194 170 170 170 110 110 110 110 110 86 86 86 86 86 86 86 86 74 50 50 50 50 50 14 14 14 14 14 14 6 6

################################################################################

# Grid for Z=85 and Zeff=25
# Cost:             -8.16036
# Number of points: 50940
# Number of shells: 178

85 25
   PowerRTransform 2.026717347143424e-10 24.022327780782728 178
   6 6 6 6 6 6 6 6 6 6 6 6 6 6 6 6 6 6 6 6 6 6 6 6 6 6 6 6 6 6 6 6 6 6 6 6 6 6 6 6 14 14 14 14 14 14 14 14 14 14 14 14 14 26 26 26 26 26 26 26 26 26 26 26 26 38 38 38 38 38 38 38 38 38 38 38 38 38 38 50 50 50 50 50 50 50 50 50 50 50 74 74 74 86 86 86 86 86 86 110 110 110 110 146 170 170 170 194 194 194 194 302 302 302 434 434 590 590 590 770 974 974 1202 1454 2030 2030 2030 2030 2030 2030 2030 2030 2030 2030 1730 1730 1730 1454 974 770 770 590 590 434 434 434 434 434 302 302 302 302 302 302 302 266 194 194 194 194 170 170 170 170 110 110 110 110 110 86 86 50 50 50 38 14 14 14

################################################################################

# Grid for Z=86 and Zeff=26
# Cost:             -8.15695
# Number of points: 58950
# Number of shells: 213

86 26
   PowerRTransform 4.081874138897343e-11 25.465969027328477 213
   6 6 6 6 6 6 6 6 6 6 6 6 6 6 6 6 6 6 6 6 6 6 6 6 6 6 6 6 6 6 6 6 6 6 6 6 6 6 6 6 6 6 6 6 6 14 14 14 14 14 14 14 14 14 14 14 14 14 14 14 14 14 14 14 14 26 26 26 26 26 26 26 26 26 26 26 26 38 38 38 38 38 38 38 38 38 38 38 38 38 38 38 38 38 50 50 50 50 50 50 50 50 50 50 50 50 50 74 74 74 74 86 86 86 86 86 110 110 110 110 110 110 146 170 170 170 170 194 194 194 194 194 302 302 302 434 434 434 434 590 590 590 770 974 974 1202 1202 1454 1730 2030 2030 2030 2030 2030 2030 2030 2030 2030 2030 2030 1730 1202 1202 974 770 770 770 590 590 590 590 434 434 434 434 434 434 302 302 302 302 302 302 302 302 302 302 266 194 194 194 194 170 170 170 170 170 170 110 110 110 110 110 110 86 86 86 50 50 38 14 14 14

################################################################################
