## This grid is constructed to give on average 6 digits of precision in a
## variety of molecular integrals, using the Becke scheme with k=3.

## The grids were created by Toon Verstraelen in January 2012 as initial attempt
## to generate tuned grids based on a series of benchmarks.


# Cost threshold for grid selection:   -6.00000

# Grid for Z=1
# Cost:             -6.02150
# Number of points: 4152
# Number of shells: 60

1
   ExpRTransform 0.00035691068194616197 87.69332883613752 60
   6 6 6 6 6 6 6 6 6 6 6 6 6 6 6 6 6 6 6 6 6 6 6 6 6 6 14 14 14 14 26 26 38 38 50 110 170 302 302 194 194 170 170 170 170 170 194 302 170 170 170 170 170 110 110 50 6 6 6 6

# Grid for Z=2
# Cost:             -6.09124
# Number of points: 4318
# Number of shells: 65

2
   ExpRTransform 0.00014221031801924335 120.95966836899102 65
   6 6 6 6 6 6 6 6 6 6 6 6 6 6 6 6 6 6 6 6 6 6 6 6 6 6 6 6 6 6 14 14 14 26 26 38 38 50 86 110 170 194 302 170 194 194 170 194 302 230 230 230 194 194 194 194 170 110 50 6 6 6 6 6 6

# Grid for Z=3
# Oops. Could not find a suitable grid.
# The following grids were availiable:
#   nrad   npoint   cost
#     20      324   -1.21999
#     25      630   -1.77132
#     30      804   -1.93333
#     35      998   -2.14852
#     40     1188   -2.40276
#     45     1534   -2.65594
#     50     1728   -2.67803
#     55     2070   -2.89787
#     60     2668   -3.11636
#     65     2946   -3.22651
#     70     3336   -3.36839
#     75     3734   -3.49619
#     80     4140   -3.65932
#     85     4462   -3.71043
#     90     4860   -3.85348
#     95     5338   -3.95597
#    100     6080   -4.10327
#    110     6732   -4.24358
#    130     7668   -4.38454
#    120     7944   -4.44950
#    140    10176   -4.78428
#    150    11624   -4.96009
#    160    13644   -5.13528
#    170    14584   -5.33521
#    180    15992   -5.45634
#    180    15992   -5.45634
#    190    17456   -5.54375

# Grid for Z=4
# Cost:             -6.22894
# Number of points: 18940
# Number of shells: 190

4
   ExpRTransform 1.824238800188647e-05 44.55274690971526 190
   6 6 6 6 6 6 6 6 6 6 6 6 6 6 6 6 6 6 6 6 6 6 6 6 6 6 6 6 6 6 6 6 6 6 6 6 6 6 6 6 6 6 6 6 6 6 6 6 6 6 6 6 6 6 6 6 6 6 6 6 6 6 6 6 6 6 6 6 6 6 6 6 6 6 6 6 6 6 6 6 6 6 6 6 6 6 6 6 6 6 6 6 6 6 6 6 6 6 6 6 6 6 6 6 6 6 6 6 6 6 6 6 6 6 6 6 6 6 14 14 14 14 14 14 14 14 14 26 26 26 26 38 38 38 38 50 50 50 50 86 86 110 110 110 194 194 302 302 434 590 770 770 974 1454 1202 974 974 974 590 434 302 302 302 266 194 194 194 194 194 230 230 230 434 434 266 266 266 230 194 170 170 170 110 110 110 86 86 50 26 6

# Grid for Z=5
# Cost:             -6.22139
# Number of points: 14584
# Number of shells: 170

5
   ExpRTransform 1.5374234557718872e-05 40.74091507033963 170
   6 6 6 6 6 6 6 6 6 6 6 6 6 6 6 6 6 6 6 6 6 6 6 6 6 6 6 6 6 6 6 6 6 6 6 6 6 6 6 6 6 6 6 6 6 6 6 6 6 6 6 6 6 6 6 6 6 6 6 6 6 6 6 6 6 6 6 6 6 6 6 6 6 6 6 6 6 6 6 6 6 6 6 6 6 6 6 6 6 6 6 6 6 6 6 6 6 6 6 6 6 6 6 6 14 14 14 14 14 14 14 14 14 26 26 26 26 38 38 38 38 50 50 50 50 86 86 110 170 194 194 302 302 590 770 770 770 1202 974 770 770 590 434 302 302 302 266 194 194 194 194 194 194 194 194 194 170 170 110 110 110 110 110 110 110 110 86 50 14 6

# Grid for Z=6
# Cost:             -6.14248
# Number of points: 12356
# Number of shells: 150

6
   ExpRTransform 1.6498390860587867e-05 65.47351156454096 150
   6 6 6 6 6 6 6 6 6 6 6 6 6 6 6 6 6 6 6 6 6 6 6 6 6 6 6 6 6 6 6 6 6 6 6 6 6 6 6 6 6 6 6 6 6 6 6 6 6 6 6 6 6 6 6 6 6 6 6 6 6 6 6 6 6 6 6 6 6 6 6 6 6 6 6 6 6 6 6 6 6 6 6 6 6 6 6 14 14 14 14 14 14 14 14 26 26 26 26 38 38 38 50 74 86 86 86 110 170 170 194 302 434 590 770 590 974 770 590 590 434 302 302 266 194 266 266 230 230 194 170 170 170 170 170 170 170 170 170 170 110 110 110 86 38 6 6 6 6 6

# Grid for Z=7
# Cost:             -6.00634
# Number of points: 10296
# Number of shells: 140

7
   ExpRTransform 1.710717787707164e-05 56.920291617354714 140
   6 6 6 6 6 6 6 6 6 6 6 6 6 6 6 6 6 6 6 6 6 6 6 6 6 6 6 6 6 6 6 6 6 6 6 6 6 6 6 6 6 6 6 6 6 6 6 6 6 6 6 6 6 6 6 6 6 6 6 6 6 6 6 6 6 6 6 6 6 6 6 6 6 6 6 6 6 6 6 6 14 14 14 14 14 14 14 14 14 26 26 26 38 38 50 50 50 74 74 86 110 110 170 194 302 434 590 770 590 770 590 590 434 302 302 302 194 194 194 170 170 170 170 110 110 110 110 110 110 110 110 110 110 110 50 38 14 6 6 6

# Grid for Z=8
# Cost:             -6.30451
# Number of points: 12000
# Number of shells: 150

8
   ExpRTransform 9.472842096796208e-06 54.15300483123156 150
   6 6 6 6 6 6 6 6 6 6 6 6 6 6 6 6 6 6 6 6 6 6 6 6 6 6 6 6 6 6 6 6 6 6 6 6 6 6 6 6 6 6 6 6 6 6 6 6 6 6 6 6 6 6 6 6 6 6 6 6 6 6 6 6 6 6 6 6 6 6 6 6 6 6 6 6 6 6 6 6 6 6 6 6 6 6 14 14 14 14 14 14 14 14 14 14 26 26 26 38 38 50 50 74 86 86 86 86 86 110 170 170 194 302 434 590 590 590 974 770 590 434 434 302 302 302 302 302 302 302 302 194 194 170 110 110 110 110 110 110 110 110 110 110 86 50 6 6 6 6

# Grid for Z=9
# Cost:             -6.50000
# Number of points: 11436
# Number of shells: 160

9
   ExpRTransform 6.11433915688149e-07 55.293024398293056 160
   6 6 6 6 6 6 6 6 6 6 6 6 6 6 6 6 6 6 6 6 6 6 6 6 6 6 6 6 6 6 6 6 6 6 6 6 6 6 6 6 6 6 6 6 6 6 6 6 6 6 6 6 6 6 6 6 6 6 6 6 6 6 6 6 6 6 6 6 6 6 6 6 6 6 6 6 6 6 6 6 6 6 6 6 6 6 6 6 6 6 6 6 6 6 6 6 6 6 6 6 14 14 14 14 14 14 14 14 14 26 26 26 26 38 38 50 50 50 50 50 86 110 110 170 194 302 434 590 590 590 770 770 434 434 302 302 302 302 302 302 302 266 194 194 194 194 170 170 170 170 170 170 170 110 110 86 26 6 6 6

# Grid for Z=10
# Cost:             -6.30766
# Number of points: 10108
# Number of shells: 140

10
   ExpRTransform 4.844721193828134e-06 69.49494054874185 140
   6 6 6 6 6 6 6 6 6 6 6 6 6 6 6 6 6 6 6 6 6 6 6 6 6 6 6 6 6 6 6 6 6 6 6 6 6 6 6 6 6 6 6 6 6 6 6 6 6 6 6 6 6 6 6 6 6 6 6 6 6 6 6 6 6 6 6 6 6 6 6 6 6 6 6 6 6 6 6 6 6 14 14 14 14 14 14 14 14 14 26 26 26 26 38 38 38 38 50 50 86 110 110 194 302 434 590 590 590 770 590 434 302 302 302 194 266 266 266 194 194 194 194 194 194 194 194 170 170 170 110 110 86 38 6 6 6 6 6 6

# Grid for Z=11
# Oops. Could not find a suitable grid.
# The following grids were availiable:
#   nrad   npoint   cost
#     20      212   -0.76482
#     25      390   -1.08978
#     30      508   -1.35467
#     35      594   -1.48852
#     40      904   -1.83028
#     45     1070   -1.98857
#     50     1420   -2.18068
#     55     1486   -2.24018
#     65     1754   -2.44610
#     60     1880   -2.57664
#     70     2552   -2.83818
#     75     2722   -2.89083
#     85     2774   -2.85574
#     80     3416   -3.17338
#     90     3756   -3.31479
#     95     4078   -3.36939
#    100     4188   -3.38260
#    110     5644   -3.76950
#    120     6136   -3.95242
#    140     6212   -3.90464
#    130     6992   -4.04660
#    150     8552   -4.23119
#    160     8732   -4.24004
#    170    11252   -4.53084
#    180    12316   -4.67461
#    180    12316   -4.67461
#    190    12684   -4.68614

# Grid for Z=12
# Oops. Could not find a suitable grid.
# The following grids were availiable:
#   nrad   npoint   cost
#     20      280   -0.91416
#     25      482   -1.29610
#     30      580   -1.49954
#     35      714   -1.79017
#     40      976   -2.04075
#     45     1062   -2.18243
#     50     1492   -2.39709
#     55     1682   -2.49839
#     60     1840   -2.65601
#     65     2226   -2.84283
#     70     2484   -2.98650
#     75     2894   -3.14969
#     80     3336   -3.31500
#    100     3688   -3.39878
#     85     3870   -3.46420
#     90     4076   -3.59042
#     95     4082   -3.57293
#    140     5236   -3.79032
#    110     5564   -3.89540
#    150     6156   -3.99019
#    120     6648   -4.11578
#    130     7284   -4.13331
#    160    10348   -4.72046
#    170    11216   -4.76664
#    180    11580   -4.87989
#    180    11580   -4.87989
#    190    12980   -4.98444

# Grid for Z=13
# Oops. Could not find a suitable grid.
# The following grids were availiable:
#   nrad   npoint   cost
#     20      328   -1.09516
#     25      414   -1.38724
#     30      568   -1.69341
#     35      714   -1.99735
#     40      812   -2.09860
#     45     1062   -2.30572
#     50     1396   -2.53223
#     55     1806   -2.73319
#     60     2068   -2.78092
#     65     2394   -3.06696
#     70     2812   -3.27807
#     75     2906   -3.38486
#     80     3280   -3.46057
#     85     3326   -3.49528
#     90     3748   -3.66444
#     95     4094   -3.74836
#    110     4132   -3.70231
#    100     4256   -3.85674
#    120     6092   -4.28642
#    140     6488   -4.22199
#    130     7332   -4.43407
#    150     9248   -4.74931
#    160     9964   -4.88506
#    180    10616   -4.81728
#    180    10616   -4.81728
#    170    11588   -5.06608
#    190    14120   -5.36018

# Grid for Z=14
# Oops. Could not find a suitable grid.
# The following grids were availiable:
#   nrad   npoint   cost
#     20      304   -1.24559
#     25      482   -1.65054
#     30      588   -1.77221
#     35      790   -2.18417
#     40      936   -2.32950
#     45      978   -2.38460
#     50     1320   -2.69934
#     55     1762   -2.88083
#     60     2032   -3.08342
#     70     2292   -3.16658
#     65     2306   -3.24082
#     75     2986   -3.55751
#     80     3264   -3.61000
#     85     3358   -3.70325
#    100     3776   -3.64024
#     90     4028   -3.82161
#     95     4174   -3.82113
#    110     5352   -4.19093
#    120     6016   -4.35855
#    130     6124   -4.30727
#    140     7676   -4.70077
#    160     8672   -4.90736
#    150     9152   -4.95766
#    170    11660   -5.31523
#    180    12164   -5.39550
#    180    12164   -5.39550
#    190    13084   -5.51165

# Grid for Z=15
# Oops. Could not find a suitable grid.
# The following grids were availiable:
#   nrad   npoint   cost
#     20      256   -1.23504
#     25      458   -1.75158
#     30      556   -1.93967
#     35      690   -2.17855
#     40      832   -2.32067
#     45     1154   -2.60003
#     50     1320   -2.74171
#     60     1668   -2.87298
#     55     1694   -2.92913
#     65     1714   -2.84129
#     75     2378   -3.22144
#     70     2500   -3.36594
#     80     3160   -3.72649
#     90     3348   -3.68218
#     85     3510   -3.84174
#    100     3528   -3.76671
#     95     4362   -4.04740
#    120     4592   -4.10772
#    110     5080   -4.22987
#    130     7500   -4.70875
#    140     7896   -4.79093
#    180     8152   -4.78093
#    180     8152   -4.78093
#    150     8288   -4.81024
#    160    10028   -5.23432
#    170    11604   -5.37681
#    190    12160   -5.49805

# Grid for Z=16
# Oops. Could not find a suitable grid.
# The following grids were availiable:
#   nrad   npoint   cost
#     20      248   -1.30301
#     25      426   -1.71353
#     30      548   -1.93029
#     35      666   -2.21096
#     40      820   -2.35603
#     45     1102   -2.63838
#     55     1302   -2.70179
#     50     1332   -2.83844
#     65     1714   -3.00325
#     90     1856   -2.96438
#     60     1948   -3.21815
#     75     2258   -3.39141
#     70     2284   -3.45550
#     80     2936   -3.73257
#     85     3390   -3.89001
#     95     3730   -3.91000
#    110     4260   -4.03693
#    120     4404   -4.03782
#    100     4436   -4.11314
#    130     5520   -4.34476
#    140     7320   -4.73857
#    180     8476   -4.93439
#    180     8476   -4.93439
#    150     8956   -5.03586
#    160     9556   -5.26853
#    170    10284   -5.34111
#    190    11404   -5.43894

# Grid for Z=17
# Oops. Could not find a suitable grid.
# The following grids were availiable:
#   nrad   npoint   cost
#     20      256   -1.10631
#     25      434   -1.61961
#     30      636   -2.02796
#     35      682   -2.08005
#     40     1028   -2.41047
#     45     1190   -2.60319
#     55     1330   -2.61321
#     50     1536   -2.70214
#     60     2212   -3.21003
#     65     2406   -3.37322
#     70     2540   -3.41823
#     75     3126   -3.60367
#     85     3254   -3.60926
#     80     3384   -3.72100
#     90     4204   -3.93798
#     95     4702   -4.08502
#    110     4924   -4.16494
#    100     5164   -4.20170
#    120     6832   -4.60062
#    130     7664   -4.73496
#    140     8472   -4.88769
#    150     8532   -4.90397
#    160    10416   -5.25491
#    170    12068   -5.40191
#    180    13196   -5.55436
#    180    13196   -5.55436
#    190    13540   -5.64785

# Grid for Z=18
# Oops. Could not find a suitable grid.
# The following grids were availiable:
#   nrad   npoint   cost
#     20      336   -1.22639
#     25      338   -1.10660
#     30      588   -1.58162
#     35      710   -2.00529
#     40      888   -2.25546
#     45     1054   -2.42853
#     50     1292   -2.69270
#     55     1534   -2.67837
#     65     1970   -3.04772
#     60     2004   -2.94178
#     70     2752   -3.34058
#     75     3054   -3.51065
#     80     3208   -3.58603
#     85     3466   -3.68722
#    100     3956   -3.75027
#     90     3980   -3.74004
#     95     4082   -3.91235
#    110     5332   -4.21130
#    120     6160   -4.44872
#    130     6244   -4.43325
#    140     8344   -4.79086
#    150     9084   -4.93282
#    160     9920   -5.09190
#    170    10096   -5.10628
#    180    12756   -5.45889
#    180    12756   -5.45889
#    190    13672   -5.64308
